,13700,7065,2019,6435,1449,13341,6375,11228,4029,6335,2547,7875,3532,3439,8151,2285,5597,14225,7923,7366,11060,9778,8530,6742,7435,1447,1209,11687,10247,8551,9225,8762,2184,2086,4199,7974,6136,4839,5878,4093,7257,4383,4605,10867,6304,5439,3170,11399,5786,3735,1075,2220,3121,9882,10519,15414,4885,5047,4494,10453,10016,2111,2574,6066,1440,12635,8253,12726,3413,4640,7154,5046,5125,1988,6565,14824,17120,1161,5518,8247,8823,12138,4423,8898,8455,12850,6649,8479,4321,3144,7985,15267,27914,12141,1078,9850,11465,11506,7881
13700,1.0,0.0,0.0,0.0374,0.0,0.0,0.0113,0.0,0.0,0.0,0.0242,0.0,0.0073,0.0,0.0,0.0,0.0305,0.0,0.0,0.0,0.0,0.0492,0.0705,0.038,0.0232,0.0031,0.0106,0.0,0.0049,0.019,0.0035,0.0333,0.0,0.063,0.0,0.0,0.0,0.038,0.0,0.0,0.0759,0.0,0.0,0.0,0.0439,0.0,0.0,0.0,0.0,0.0615,0.0,0.027000000000000003,0.0,0.0,0.0,0.0384,0.0,0.0018,0.0001,0.0,0.0,0.0335,0.0,0.0,0.0,0.0,0.0,0.0,0.0,0.0,0.0024,0.0149,0.0,0.0033,0.0243,0.0129,0.0,0.0,0.0233,0.0285,0.0,0.0397,0.0,0.0,0.0,0.0115,0.008,0.0,0.0067,0.0362,0.0,0.0058,0.023,0.002,0.0297,0.0,0.0034,0.0,0.0028
7065,0.0,1.0,0.0628,0.0099,0.0547,0.0,0.0073,0.0,0.0,0.0232,0.0826,0.0,0.0,0.0007,0.0,0.0,0.0213,0.0,0.0,0.0019,0.0296,0.0,0.0147,0.0684,0.0,0.0533,0.0096,0.0,0.0,0.0359,0.0198,0.0123,0.004,0.0,0.0,0.0,0.0674,0.0167,0.0235,0.0,0.0,0.0,0.0,0.0,0.0,0.0213,0.0,0.0,0.0597,0.0035,0.0,0.0,0.0,0.0,0.0076,0.0,0.1243,0.0435,0.0507,0.0,0.0113,0.0087,0.0,0.0,0.0,0.031,0.0,0.0,0.0175,0.0366,0.0067,0.0198,0.0,0.0,0.01,0.0,0.0,0.0,0.0,0.0071,0.0,0.0943,0.0744,0.0,0.0021,0.0083,0.0,0.0,0.0,0.0,0.0,0.0261,0.0,0.039,0.0,0.0,0.0448,0.0,0.0121
2019,0.0,0.0628,1.0,0.0,0.0392,0.0,0.0,0.0,0.0,0.0,0.0,0.0,0.0,0.0,0.0,0.0,0.0,0.0,0.0,0.0,0.0,0.0238,0.021,0.0018,0.0,0.0,0.0,0.0752,0.0,0.0109,0.0,0.0,0.0,0.0048,0.0,0.0005,0.0,0.0159,0.0,0.0,0.0,0.0,0.028999999999999998,0.0,0.0,0.0,0.0,0.0,0.0831,0.0,0.0,0.0,0.0,0.0,0.0,0.0,0.0612,0.0,0.0,0.0,0.0,0.0364,0.0,0.0023,0.0,0.0499,0.0678,0.0047,0.0,0.1134,0.0,0.0,0.0,0.0,0.0,0.0036,0.0857,0.0,0.0,0.0,0.0013,0.1095,0.0025,0.1249,0.0,0.0,0.0236,0.0,0.0,0.0034,0.0,0.0054,0.0,0.0,0.0,0.0,0.0,0.0,0.0
6435,0.0374,0.0099,0.0,1.0,0.0,0.0,0.0355,0.0,0.0,0.0011,0.0,0.0648,0.0,0.0,0.0,0.0,0.0351,0.0,0.0,0.0,0.0379,0.0,0.0,0.0,0.0371,0.0,0.0067,0.0,0.032,0.0187,0.0015,0.0934,0.0,0.0224,0.0,0.0,0.0,0.0,0.0006,0.0,0.0099,0.0,0.0,0.0,0.0,0.0,0.001,0.0,0.0,0.0,0.0,0.0,0.0343,0.0,0.0,0.0,0.0,0.0,0.0,0.0,0.0,0.0,0.0,0.0,0.0,0.0,0.0,0.0,0.0,0.0,0.0199,0.0,0.0192,0.0,0.0,0.0,0.0,0.0,0.035,0.03,0.0,0.0,0.0,0.0,0.0,0.0,0.0,0.0306,0.0204,0.0,0.0,0.0,0.0,0.0088,0.0,0.0,0.026000000000000002,0.0,0.0048
1449,0.0,0.0547,0.0392,0.0,1.0,0.10099999999999999,0.0,0.0,0.0184,0.0,0.145,0.0048,0.0,0.0153,0.0273,0.0,0.0,0.0,0.0,0.0348,0.0,0.0,0.0283,0.1691,0.0,0.1216,0.0,0.1056,0.0,0.0,0.0,0.0,0.0,0.0,0.0,0.0,0.0013,0.0175,0.0,0.0,0.0094,0.0,0.0,0.0,0.0,0.0156,0.0,0.0,0.1098,0.0,0.0,0.0,0.0,0.0173,0.0073,0.0,0.0208,0.0529,0.0406,0.0,0.0,0.0473,0.0,0.0,0.0177,0.0561,0.0,0.2101,0.015,0.1232,0.0,0.0,0.0,0.0,0.0,0.14,0.1195,0.0,0.0,0.0,0.0134,0.0542,0.0842,0.0888,0.0,0.0045,0.0,0.0049,0.0,0.0,0.0,0.0,0.1006,0.0,0.0021,0.0223,0.0112,0.0,0.0194
13341,0.0,0.0,0.0,0.0,0.10099999999999999,1.0,0.0,0.0202,0.028999999999999998,0.0,0.1175,0.0,0.0,0.0,0.0524,0.0,0.0,0.0,0.0411,0.0536,0.0,0.0,0.0102,0.1222,0.0,0.0673,0.0,0.0379,0.0,0.0,0.0,0.0,0.0,0.0,0.0,0.0,0.0,0.0264,0.0,0.0,0.0,0.0436,0.0229,0.0171,0.0,0.0539,0.0,0.0,0.0864,0.0,0.0517,0.0,0.0,0.0388,0.0,0.0,0.0,0.0144,0.0,0.0,0.0,0.0472,0.0378,0.0042,0.0321,0.0,0.04,0.102,0.0201,0.0331,0.0,0.0,0.0342,0.0267,0.0,0.16,0.0249,0.0,0.0,0.0,0.0039,0.0192,0.0319,0.0195,0.0614,0.0,0.0,0.0,0.0,0.0,0.0005,0.0,0.0686,0.0,0.0,0.0167,0.0,0.0062,0.0
6375,0.0113,0.0073,0.0,0.0355,0.0,0.0,1.0,0.0,0.0,0.0139,0.0,0.0178,0.0195,0.0195,0.0113,0.0014,0.0,0.0,0.0,0.0,0.0207,0.0406,0.0106,0.0,0.0217,0.0011,0.0354,0.0,0.037000000000000005,0.0231,0.0,0.0544,0.005,0.0116,0.0,0.0,0.0,0.0,0.0107,0.0,0.0,0.0,0.0,0.0,0.0,0.0058,0.0224,0.0,0.0,0.0,0.0,0.0019,0.0666,0.0,0.0339,0.0,0.0,0.0095,0.0067,0.0,0.0,0.0203,0.0,0.0,0.0,0.0,0.0,0.0,0.0,0.0,0.0452,0.0,0.0,0.0095,0.0019,0.0,0.0,0.0,0.0332,0.0,0.0,0.0111,0.0,0.0085,0.0,0.002,0.0118,0.0904,0.0112,0.0317,0.0,0.0006,0.0,0.0311,0.0045,0.0,0.0004,0.0,0.002
11228,0.0,0.0,0.0,0.0,0.0,0.0202,0.0,1.0,0.0,0.0656,0.0158,0.0,0.0307,0.0,0.07200000000000001,0.006,0.0082,0.0266,0.0788,0.0,0.0161,0.0,0.0164,0.0,0.0043,0.0269,0.0619,0.0007,0.0016,0.0196,0.0,0.0187,0.0,0.0,0.0,0.0605,0.0002,0.0189,0.0053,0.0,0.0,0.0623,0.02,0.1,0.0,0.0423,0.0081,0.0,0.0061,0.0,0.0,0.0,0.0,0.0327,0.0308,0.0,0.0,0.0246,0.0462,0.0,0.0117,0.023,0.0927,0.0,0.0,0.0,0.0148,0.0168,0.0,0.0,0.0,0.02,0.0221,0.0,0.0,0.0427,0.0,0.0,0.0,0.0146,0.0493,0.0,0.0,0.0054,0.0,0.0,0.0,0.0,0.0004,0.0,0.0,0.0193,0.0139,0.0,0.0,0.0,0.0,0.07400000000000001,0.0178
4029,0.0,0.0,0.0,0.0,0.0184,0.028999999999999998,0.0,0.0,1.0,0.0295,0.0291,0.0,0.0,0.1043,0.1437,0.0135,0.0027,0.0026,0.0755,0.1767,0.0,0.0017,0.0149,0.0473,0.0,0.0693,0.0,0.0136,0.0,0.0,0.0,0.0,0.0,0.0,0.0,0.1929,0.0,0.0333,0.0,0.1737,0.0,0.1327,0.0,0.0647,0.0175,0.0843,0.0,0.0,0.0262,0.0134,0.1092,0.0,0.0,0.0604,0.0165,0.0,0.0,0.06,0.0194,0.0,0.0056,0.0482,0.0335,0.0,0.1951,0.0,0.0146,0.0,0.1892,0.0,0.0,0.0255,0.0033,0.0165,0.0069,0.0585,0.046,0.0,0.0,0.057999999999999996,0.0313,0.0182,0.0,0.0159,0.1922,0.0,0.0176,0.0,0.0233,0.0023,0.0223,0.0126,0.0254,0.0,0.0,0.1173,0.0,0.1501,0.0
6335,0.0,0.0232,0.0,0.0011,0.0,0.0,0.0139,0.0656,0.0295,1.0,0.0,0.0,0.0213,0.0158,0.1018,0.0042,0.0,0.0,0.1844,0.0487,0.0105,0.0039,0.0,0.0,0.0191,0.0163,0.0422,0.0,0.0,0.0,0.0,0.0,0.0,0.0,0.0332,0.0396,0.0,0.0156,0.0581,0.0402,0.0,0.0529,0.0,0.2114,0.0002,0.0439,0.0115,0.0128,0.0,0.0189,0.0114,0.0,0.0,0.0424,0.0208,0.0,0.0,0.0362,0.0637,0.0043,0.0226,0.0062,0.1851,0.0,0.0715,0.0127,0.0073,0.0,0.0219,0.0079,0.0,0.0106,0.0191,0.0234,0.0,0.0,0.0,0.0,0.01,0.0274,0.0449,0.0,0.0,0.0,0.0324,0.0012,0.0,0.0055,0.027000000000000003,0.0344,0.0167,0.0196,0.0077,0.0,0.0,0.0244,0.0087,0.0413,0.0
2547,0.0242,0.0826,0.0,0.0,0.145,0.1175,0.0,0.0158,0.0291,0.0,1.0,0.0199,0.0,0.0,0.0,0.0,0.0,0.0,0.0,0.0326,0.0009,0.0,0.1109,0.1702,0.0,0.1394,0.0,0.0876,0.0024,0.0021,0.0029,0.0,0.0051,0.0662,0.0,0.0,0.0259,0.0074,0.0,0.0,0.0423,0.0,0.0,0.0,0.0,0.0477,0.0,0.0,0.1008,0.0169,0.0052,0.0087,0.0,0.0555,0.0,0.0,0.0184,0.0323,0.0279,0.0,0.0,0.0861,0.0,0.0,0.0328,0.0611,0.0,0.1677,0.0405,0.0637,0.0,0.0,0.0,0.0085,0.0,0.1452,0.08900000000000001,0.0,0.0,0.0,0.024,0.0305,0.0951,0.0855,0.0181,0.0726,0.0,0.0009,0.0,0.009000000000000001,0.0,0.0,0.2524,0.0,0.0454,0.0114,0.0,0.0,0.0065
7875,0.0,0.0,0.0,0.0648,0.0048,0.0,0.0178,0.0,0.0,0.0,0.0199,1.0,0.0,0.0,0.0,0.0,0.0335,0.0,0.0,0.0,0.0269,0.0102,0.006999999999999999,0.0,0.0171,0.0243,0.0025,0.0,0.0276,0.0253,0.0,0.1022,0.0405,0.0047,0.0274,0.0,0.0335,0.0181,0.0335,0.0,0.0,0.0,0.0157,0.0,0.0047,0.0,0.0,0.0,0.0,0.0014,0.0,0.0,0.0629,0.0,0.0,0.0,0.0029,0.0005,0.0024,0.0079,0.0474,0.0166,0.0,0.0,0.0023,0.0138,0.0,0.0,0.0,0.0,0.0,0.0,0.0295,0.0,0.0,0.0161,0.0,0.0,0.0215,0.0213,0.0,0.0,0.0,0.0,0.0,0.0,0.0357,0.0461,0.0343,0.0098,0.0,0.0,0.0031,0.0368,0.0,0.0,0.0,0.0,0.0194
3532,0.0073,0.0,0.0,0.0,0.0,0.0,0.0195,0.0307,0.0,0.0213,0.0,0.0,1.0,0.0033,0.0029,0.0125,0.0,0.0224,0.0074,0.0,0.0011,0.0225,0.0135,0.0,0.0662,0.0,0.0847,0.0,0.0,0.0128,0.0,0.0,0.0,0.0138,0.0058,0.0005,0.0067,0.0282,0.0234,0.0173,0.0138,0.0,0.0,0.0,0.084,0.0,0.0115,0.0,0.0,0.0533,0.0,0.0368,0.0,0.0189,0.0326,0.0492,0.0,0.0659,0.0185,0.08199999999999999,0.0091,0.0347,0.0113,0.0077,0.0,0.0,0.0162,0.0,0.0,0.0,0.0,0.0498,0.004,0.0302,0.0835,0.0,0.0,0.0479,0.0,0.0589,0.0,0.0,0.0,0.0,0.0119,0.0183,0.0215,0.0,0.0528,0.0022,0.0256,0.1118,0.0,0.0406,0.0167,0.0,0.0265,0.0012,0.0
3439,0.0,0.0007,0.0,0.0,0.0153,0.0,0.0195,0.0,0.1043,0.0158,0.0,0.0,0.0033,1.0,0.0995,0.0,0.0,0.0,0.0367,0.1384,0.0,0.0,0.0,0.0,0.0231,0.0031,0.0,0.0205,0.0114,0.0,0.0,0.0,0.0031,0.0,0.0161,0.0955,0.0,0.0188,0.0251,0.1372,0.0063,0.0592,0.0,0.0614,0.0,0.0238,0.0243,0.0,0.0,0.0,0.1129,0.0,0.0,0.0125,0.0031,0.0,0.0,0.0296,0.0188,0.0,0.0,0.01,0.0408,0.0177,0.1452,0.0,0.0,0.0192,0.1156,0.0,0.0,0.0,0.0124,0.0,0.0,0.0021,0.0,0.0,0.0,0.0629,0.0,0.0,0.0046,0.0209,0.1029,0.0,0.0079,0.0,0.0,0.0033,0.0,0.0316,0.0,0.0,0.0,0.1051,0.0,0.0557,0.0
8151,0.0,0.0,0.0,0.0,0.0273,0.0524,0.0113,0.07200000000000001,0.1437,0.1018,0.0,0.0,0.0029,0.0995,1.0,0.0228,0.0016,0.0,0.078,0.139,0.0013,0.0,0.0065,0.0,0.0257,0.0337,0.0763,0.0195,0.0,0.0,0.0201,0.0,0.0279,0.0,0.0014,0.1695,0.0,0.0166,0.0041,0.1316,0.0,0.1224,0.0,0.1054,0.0,0.0776,0.0,0.0,0.0185,0.0,0.1051,0.0,0.0,0.0341,0.0147,0.0,0.0,0.0625,0.0415,0.0,0.0,0.0303,0.0798,0.002,0.1718,0.0001,0.0286,0.0,0.1063,0.0213,0.0,0.0,0.0269,0.0067,0.0,0.0497,0.0275,0.0043,0.0,0.0363,0.0138,0.0043,0.0,0.0241,0.1453,0.0,0.003,0.0005,0.0381,0.0,0.0,0.0235,0.0052,0.0,0.0,0.0874,0.0,0.2661,0.0296
2285,0.0,0.0,0.0,0.0,0.0,0.0,0.0014,0.006,0.0135,0.0042,0.0,0.0,0.0125,0.0,0.0228,1.0,0.0,0.0,0.0098,0.0144,0.0,0.0174,0.0119,0.0,0.0587,0.0,0.0304,0.0,0.0,0.0,0.0,0.0,0.0,0.0,0.0642,0.0,0.0,0.0268,0.0,0.0534,0.0028,0.0,0.0,0.0335,0.0036,0.027999999999999997,0.0,0.0,0.0,0.0594,0.0122,0.0,0.0138,0.0797,0.1287,0.0,0.0,0.0703,0.0305,0.0437,0.0008,0.0183,0.0,0.0,0.0024,0.0044,0.0,0.0,0.0115,0.0,0.0,0.166,0.0,0.0612,0.0222,0.0,0.0,0.0036,0.0145,0.0675,0.0,0.0,0.0,0.0023,0.0004,0.0,0.0006,0.0022,0.0,0.0,0.1478,0.0104,0.0,0.0357,0.0,0.0,0.0035,0.013999999999999999,0.0275
5597,0.0305,0.0213,0.0,0.0351,0.0,0.0,0.0,0.0082,0.0027,0.0,0.0,0.0335,0.0,0.0,0.0016,0.0,1.0,0.0025,0.0,0.0,0.0209,0.0271,0.0158,0.0,0.0,0.0,0.0209,0.0,0.0333,0.0396,0.0039,0.0721,0.0204,0.001,0.0,0.0019,0.0202,0.0251,0.0014,0.0,0.0087,0.0188,0.0,0.012,0.0,0.0,0.0166,0.0,0.0,0.0,0.0,0.0,0.0356,0.0041,0.0,0.0,0.0,0.0,0.0046,0.0,0.0,0.0085,0.019,0.0,0.0056,0.0,0.0077,0.0,0.0057,0.0,0.0462,0.0,0.02,0.0249,0.0,0.0,0.0,0.0,0.0178,0.0447,0.0,0.0025,0.0,0.0108,0.0062,0.0,0.0,0.1007,0.0,0.0652,0.0,0.0181,0.0,0.0229,0.0,0.0,0.0,0.0,0.0277
14225,0.0,0.0,0.0,0.0,0.0,0.0,0.0,0.0266,0.0026,0.0,0.0,0.0,0.0224,0.0,0.0,0.0,0.0025,1.0,0.0156,0.0,0.002,0.0548,0.0087,0.0,0.006999999999999999,0.0515,0.0328,0.0,0.0,0.0626,0.0,0.0,0.0344,0.001,0.0,0.0,0.0,0.0279,0.0024,0.0036,0.0,0.0109,0.0,0.0,0.0089,0.0,0.0,0.0,0.0,0.0,0.0,0.0,0.0,0.0118,0.0,0.0059,0.0,0.0006,0.0,0.0,0.0,0.0339,0.003,0.0,0.0,0.0187,0.0095,0.0,0.0,0.0,0.0,0.0039,0.1028,0.0396,0.0053,0.03,0.0,0.0,0.0,0.0,0.0264,0.0125,0.0211,0.0,0.0,0.0,0.036000000000000004,0.0,0.0081,0.0411,0.0,0.0031,0.0069,0.0123,0.0,0.0,0.034,0.0064,0.0
7923,0.0,0.0,0.0,0.0,0.0,0.0411,0.0,0.0788,0.0755,0.1844,0.0,0.0,0.0074,0.0367,0.078,0.0098,0.0,0.0156,1.0,0.0758,0.0,0.0049,0.0,0.0,0.0,0.0,0.0163,0.0,0.0,0.0,0.0101,0.0,0.0,0.0,0.0205,0.1452,0.0,0.0573,0.0088,0.0903,0.0,0.0672,0.0126,0.2359,0.0,0.0205,0.0,0.0,0.0397,0.001,0.0202,0.0,0.0,0.0613,0.0118,0.0,0.0,0.0578,0.0315,0.0,0.0405,0.0,0.2715,0.0,0.1191,0.0,0.0331,0.0,0.0605,0.0,0.0,0.0338,0.0661,0.0201,0.0,0.0466,0.0,0.0,0.0,0.047,0.0541,0.0,0.0,0.0041,0.0896,0.0,0.0,0.0,0.031,0.0194,0.0244,0.0234,0.0325,0.0,0.0,0.0813,0.0,0.1018,0.0
7366,0.0,0.0019,0.0,0.0,0.0348,0.0536,0.0,0.0,0.1767,0.0487,0.0326,0.0,0.0,0.1384,0.139,0.0144,0.0,0.0,0.0758,1.0,0.0,0.0,0.0654,0.0813,0.0,0.0842,0.0,0.046,0.0,0.0041,0.0,0.0,0.0,0.0,0.0,0.0658,0.0,0.0223,0.0,0.19,0.0036,0.1146,0.0209,0.069,0.0,0.0851,0.0,0.0,0.0645,0.0236,0.272,0.0,0.0,0.0881,0.0005,0.0,0.0,0.0491,0.0048,0.0,0.0,0.0866,0.0832,0.0,0.2437,0.0,0.0096,0.0332,0.1961,0.0217,0.0,0.0115,0.0,0.0,0.0076,0.0454,0.0519,0.0018,0.0,0.0394,0.0109,0.0,0.0008,0.0271,0.2065,0.0,0.0053,0.0,0.0011,0.0137,0.0157,0.0048,0.0068,0.0,0.0,0.1746,0.0,0.105,0.0
11060,0.0,0.0296,0.0,0.0379,0.0,0.0,0.0207,0.0161,0.0,0.0105,0.0009,0.0269,0.0011,0.0,0.0013,0.0,0.0209,0.002,0.0,0.0,1.0,0.0351,0.0146,0.0,0.0127,0.0217,0.0159,0.0,0.0,0.19699999999999998,0.0,0.0238,0.0488,0.0017,0.0,0.0,0.0038,0.0123,0.0205,0.0082,0.0,0.0069,0.0005,0.0,0.0,0.0,0.0,0.0,0.0,0.0,0.0,0.0,0.0221,0.002,0.0,0.0118,0.0,0.0,0.0335,0.0,0.0,0.0,0.0,0.0,0.0,0.0126,0.0,0.0,0.0,0.0,0.0349,0.02,0.0224,0.0152,0.0,0.0,0.0,0.0,0.0333,0.0018,0.0,0.0127,0.0,0.0102,0.0,0.0195,0.0518,0.0129,0.0,0.0005,0.0,0.0061,0.0,0.0084,0.0,0.0,0.01,0.0,0.0
9778,0.0492,0.0,0.0238,0.0,0.0,0.0,0.0406,0.0,0.0017,0.0039,0.0,0.0102,0.0225,0.0,0.0,0.0174,0.0271,0.0548,0.0049,0.0,0.0351,1.0,0.0351,0.0,0.0238,0.031,0.0472,0.0,0.0169,0.0546,0.011000000000000001,0.0,0.0345,0.0308,0.044000000000000004,0.0,0.0114,0.1474,0.0118,0.0,0.0129,0.0092,0.0,0.0189,0.0395,0.0042,0.0,0.0,0.0,0.0634,0.0013,0.0,0.0038,0.0,0.0299,0.0149,0.0,0.0686,0.0,0.024,0.0193,0.022000000000000002,0.0,0.0,0.0,0.0,0.0728,0.0,0.0,0.0,0.0343,0.0649,0.0966,0.0172,0.0,0.0,0.0,0.0,0.0284,0.0449,0.0,0.0371,0.0264,0.004,0.0,0.0,0.0685,0.0047,0.0312,0.0485,0.0064,0.0676,0.0,0.0569,0.0172,0.0,0.0256,0.0,0.0
8530,0.0705,0.0147,0.021,0.0,0.0283,0.0102,0.0106,0.0164,0.0149,0.0,0.1109,0.006999999999999999,0.0135,0.0,0.0065,0.0119,0.0158,0.0087,0.0,0.0654,0.0146,0.0351,1.0,0.0821,0.0237,0.1328,0.0,0.0199,0.0,0.0464,0.0,0.0238,0.0,0.1292,0.0,0.0,0.0345,0.1038,0.0,0.0093,0.1655,0.003,0.0,0.0015,0.0194,0.0524,0.0084,0.0,0.005,0.0622,0.028999999999999998,0.0372,0.0,0.0332,0.0104,0.0323,0.0,0.0491,0.0289,0.0,0.0,0.1318,0.0,0.0,0.0354,0.022000000000000002,0.0,0.0611,0.027999999999999997,0.0216,0.0058,0.0339,0.0,0.0033,0.0,0.0276,0.0453,0.0117,0.0209,0.0108,0.0,0.0563,0.0357,0.0327,0.0217,0.0416,0.0,0.0377,0.0,0.0784,0.0055,0.0,0.0999,0.0044,0.1086,0.0164,0.0124,0.0,0.0092
6742,0.038,0.0684,0.0018,0.0,0.1691,0.1222,0.0,0.0,0.0473,0.0,0.1702,0.0,0.0,0.0,0.0,0.0,0.0,0.0,0.0,0.0813,0.0,0.0,0.0821,1.0,0.0,0.1183,0.0,0.0768,0.0,0.0026,0.0,0.0,0.0,0.0,0.0,0.0,0.0,0.0221,0.0,0.0,0.0055,0.0019,0.0162,0.0,0.0155,0.0561,0.0,0.0,0.1086,0.0288,0.0187,0.0,0.0,0.0372,0.0,0.0,0.0696,0.034,0.0,0.0,0.0,0.0308,0.0,0.0,0.0276,0.0899,0.0085,0.2345,0.0574,0.1132,0.0,0.0,0.0,0.0,0.0104,0.1683,0.1205,0.0,0.0,0.0,0.0174,0.0975,0.0638,0.0,0.0089,0.0058,0.0,0.0,0.0,0.0,0.0,0.0,0.0893,0.0,0.0,0.0336,0.0,0.0,0.0
7435,0.0232,0.0,0.0,0.0371,0.0,0.0,0.0217,0.0043,0.0,0.0191,0.0,0.0171,0.0662,0.0231,0.0257,0.0587,0.0,0.006999999999999999,0.0,0.0,0.0127,0.0238,0.0237,0.0,1.0,0.0052,0.0349,0.0,0.0215,0.003,0.006999999999999999,0.0202,0.0183,0.0364,0.0376,0.0,0.0,0.0,0.0863,0.0273,0.0221,0.0,0.0,0.0459,0.0245,0.0009,0.0473,0.0,0.0,0.0929,0.0,0.0,0.0239,0.0125,0.0657,0.0,0.0,0.0939,0.0016,0.0545,0.03,0.0469,0.0,0.0183,0.0286,0.0,0.0241,0.0,0.0,0.0,0.0,0.0469,0.0664,0.0042,0.0269,0.0,0.0,0.0135,0.0105,0.0688,0.0,0.0,0.006999999999999999,0.0,0.0,0.0,0.0107,0.0,0.067,0.0,0.0139,0.0717,0.0,0.0,0.0551,0.0,0.013999999999999999,0.0031,0.0272
1447,0.0031,0.0533,0.0,0.0,0.1216,0.0673,0.0011,0.0269,0.0693,0.0163,0.1394,0.0243,0.0,0.0031,0.0337,0.0,0.0,0.0515,0.0,0.0842,0.0217,0.031,0.1328,0.1183,0.0052,1.0,0.0,0.0,0.0069,0.0627,0.0,0.0,0.0255,0.0027,0.0,0.0,0.0247,0.0797,0.0,0.0,0.0521,0.0073,0.0033,0.0153,0.0406,0.0768,0.0,0.0075,0.0,0.0,0.0615,0.0,0.0,0.1147,0.0,0.0,0.0,0.0492,0.0712,0.0,0.0,0.1271,0.0,0.034,0.0713,0.1057,0.025,0.1035,0.0573,0.0,0.0,0.0037,0.0,0.0084,0.0061,0.1209,0.0,0.0665,0.0203,0.0,0.0033,0.0642,0.1298,0.1354,0.0308,0.0284,0.0027,0.0097,0.0,0.0479,0.0,0.0,0.0572,0.0374,0.0,0.0506,0.0153,0.0047,0.0182
1209,0.0106,0.0096,0.0,0.0067,0.0,0.0,0.0354,0.0619,0.0,0.0422,0.0,0.0025,0.0847,0.0,0.0763,0.0304,0.0209,0.0328,0.0163,0.0,0.0159,0.0472,0.0,0.0,0.0349,0.0,1.0,0.0,0.0,0.0122,0.0042,0.0413,0.0,0.0089,0.0339,0.0231,0.0,0.0324,0.0401,0.0,0.0,0.0053,0.0,0.0821,0.0636,0.0558,0.0303,0.0,0.0,0.002,0.0,0.0,0.0005,0.0,0.0118,0.0177,0.0,0.0505,0.0091,0.0111,0.0266,0.0475,0.0108,0.0,0.0,0.0,0.0348,0.0,0.0,0.0,0.0,0.0104,0.0166,0.0244,0.043,0.0,0.0,0.0101,0.0,0.0886,0.0,0.0,0.0,0.0,0.0,0.0,0.0128,0.0332,0.0379,0.0311,0.0,0.0942,0.0,0.0153,0.0,0.0,0.0733,0.0497,0.0293
11687,0.0,0.0,0.0752,0.0,0.1056,0.0379,0.0,0.0007,0.0136,0.0,0.0876,0.0,0.0,0.0205,0.0195,0.0,0.0,0.0,0.0,0.046,0.0,0.0,0.0199,0.0768,0.0,0.0,0.0,1.0,0.0,0.0,0.0,0.0,0.0,0.0,0.0,0.0,0.0,0.0152,0.0,0.0,0.0,0.0,0.0043,0.0,0.0,0.0123,0.0,0.0,0.2317,0.0,0.0199,0.0,0.0,0.0004,0.0,0.0,0.0252,0.01,0.0239,0.0,0.0,0.0033,0.0,0.0019,0.0246,0.065,0.0097,0.0895,0.0446,0.2536,0.0,0.0,0.0,0.0,0.0,0.0991,0.3287,0.0,0.0,0.0,0.0302,0.0582,0.0355,0.1619,0.0252,0.0,0.0,0.0,0.0,0.0,0.0,0.0,0.0,0.0,0.0,0.0185,0.0,0.0122,0.0
10247,0.0049,0.0,0.0,0.032,0.0,0.0,0.037000000000000005,0.0016,0.0,0.0,0.0024,0.0276,0.0,0.0114,0.0,0.0,0.0333,0.0,0.0,0.0,0.0,0.0169,0.0,0.0,0.0215,0.0069,0.0,0.0,1.0,0.0058,0.0018,0.0129,0.0243,0.0373,0.0,0.0,0.0,0.0,0.0154,0.0241,0.0,0.0,0.0,0.0111,0.0,0.0,0.0221,0.0,0.0,0.0,0.0,0.0,0.0321,0.0031,0.0,0.0053,0.0,0.0066,0.0,0.0,0.0,0.0,0.0084,0.0,0.0066,0.0,0.0243,0.0,0.0,0.0,0.0289,0.0,0.0423,0.0,0.0,0.0,0.0,0.0,0.0036,0.0,0.0078,0.0,0.0007,0.0,0.0,0.0,0.0,0.0667,0.006999999999999999,0.0497,0.0,0.0072,0.0,0.0,0.0,0.0058,0.0,0.0,0.0005
8551,0.019,0.0359,0.0109,0.0187,0.0,0.0,0.0231,0.0196,0.0,0.0,0.0021,0.0253,0.0128,0.0,0.0,0.0,0.0396,0.0626,0.0,0.0041,0.19699999999999998,0.0546,0.0464,0.0026,0.003,0.0627,0.0122,0.0,0.0058,1.0,0.0,0.0338,0.0428,0.0,0.0,0.0,0.0641,0.038,0.0,0.0,0.0109,0.0,0.025,0.0,0.0195,0.0069,0.0046,0.0,0.0,0.0089,0.0,0.0,0.0028,0.0192,0.0,0.0,0.0,0.0,0.0396,0.0039,0.0,0.0355,0.0,0.0,0.0,0.0007,0.0212,0.0,0.0056,0.0,0.0444,0.0252,0.0392,0.0,0.0,0.0185,0.0,0.0251,0.0736,0.0142,0.0139,0.006,0.0344,0.0276,0.0,0.0,0.0371,0.0149,0.0,0.047,0.0,0.0,0.0008,0.0412,0.0,0.0,0.0707,0.0,0.0
9225,0.0035,0.0198,0.0,0.0015,0.0,0.0,0.0,0.0,0.0,0.0,0.0029,0.0,0.0,0.0,0.0201,0.0,0.0039,0.0,0.0101,0.0,0.0,0.011000000000000001,0.0,0.0,0.006999999999999999,0.0,0.0042,0.0,0.0018,0.0,1.0,0.0274,0.0,0.0031,0.0,0.0,0.0,0.0,0.0,0.0,0.0,0.0,0.0,0.0129,0.0,0.0267,0.0006,0.0,0.0,0.0,0.0,0.0048,0.0149,0.0,0.0,0.0,0.0112,0.0186,0.0,0.004,0.0,0.0113,0.0,0.0566,0.0,0.0,0.0135,0.0,0.0005,0.0,0.0453,0.0,0.0225,0.0,0.0,0.0,0.0072,0.0,0.0,0.0484,0.0,0.0,0.0,0.0,0.0234,0.0,0.0185,0.0,0.0,0.0047,0.0,0.0,0.0149,0.0,0.0016,0.0,0.0337,0.0042,0.0016
8762,0.0333,0.0123,0.0,0.0934,0.0,0.0,0.0544,0.0187,0.0,0.0,0.0,0.1022,0.0,0.0,0.0,0.0,0.0721,0.0,0.0,0.0,0.0238,0.0,0.0238,0.0,0.0202,0.0,0.0413,0.0,0.0129,0.0338,0.0274,1.0,0.0331,0.0044,0.0053,0.0,0.0184,0.0,0.0,0.0063,0.0017,0.0,0.0,0.0107,0.0,0.0323,0.0412,0.0,0.0,0.0209,0.0,0.0023,0.0488,0.0,0.0,0.004,0.0,0.0233,0.0282,0.0,0.0305,0.0054,0.0063,0.0135,0.0,0.0,0.0,0.0,0.0,0.0,0.0072,0.0,0.0,0.0039,0.0,0.0,0.0,0.0,0.04,0.0858,0.0013,0.0,0.0,0.0,0.0,0.0,0.0335,0.057,0.0164,0.0,0.009000000000000001,0.0,0.0,0.0101,0.0117,0.0,0.0487,0.0104,0.0144
2184,0.0,0.004,0.0,0.0,0.0,0.0,0.005,0.0,0.0,0.0,0.0051,0.0405,0.0,0.0031,0.0279,0.0,0.0204,0.0344,0.0,0.0,0.0488,0.0345,0.0,0.0,0.0183,0.0255,0.0,0.0,0.0243,0.0428,0.0,0.0331,1.0,0.0,0.0234,0.0,0.0064,0.0317,0.0363,0.0,0.0,0.0,0.0375,0.0061,0.0052,0.0,0.0,0.0801,0.0,0.0,0.0,0.0,0.0098,0.0298,0.0,0.0,0.0,0.0228,0.0291,0.0491,0.0269,0.0,0.022000000000000002,0.0,0.0,0.0,0.0299,0.0,0.0251,0.0,0.008,0.0099,0.0669,0.0074,0.0067,0.0,0.0,0.0824,0.0323,0.0126,0.0,0.0,0.0037,0.0,0.0076,0.0053,0.0436,0.0249,0.0535,0.0148,0.0,0.0,0.0,0.0829,0.0,0.0089,0.0002,0.0,0.0112
2086,0.063,0.0,0.0048,0.0224,0.0,0.0,0.0116,0.0,0.0,0.0,0.0662,0.0047,0.0138,0.0,0.0,0.0,0.001,0.001,0.0,0.0,0.0017,0.0308,0.1292,0.0,0.0364,0.0027,0.0089,0.0,0.0373,0.0,0.0031,0.0044,0.0,1.0,0.0,0.0,0.0,0.0068,0.0,0.0,0.0976,0.0153,0.0,0.0,0.0268,0.0122,0.0135,0.0,0.0,0.0627,0.0,0.0727,0.0079,0.0,0.0,0.052000000000000005,0.0,0.0465,0.0053,0.0,0.0,0.0708,0.0,0.0,0.0,0.0,0.0,0.0,0.0,0.0,0.0193,0.0,0.0137,0.0006,0.0,0.0,0.0,0.0048,0.0,0.0,0.0,0.0237,0.0,0.0,0.0,0.067,0.0,0.0029,0.0,0.0512,0.0,0.0071,0.0218,0.0,0.1155,0.0,0.0038,0.0,0.0
4199,0.0,0.0,0.0,0.0,0.0,0.0,0.0,0.0,0.0,0.0332,0.0,0.0274,0.0058,0.0161,0.0014,0.0642,0.0,0.0,0.0205,0.0,0.0,0.044000000000000004,0.0,0.0,0.0376,0.0,0.0339,0.0,0.0,0.0,0.0,0.0053,0.0234,0.0,1.0,0.0,0.0,0.034,0.028999999999999998,0.0083,0.0,0.0,0.0,0.0376,0.0,0.0018,0.0,0.0,0.0,0.0305,0.0,0.0379,0.0,0.0,0.0767,0.0,0.0,0.0192,0.0,0.0167,0.0594,0.0,0.0476,0.0,0.0301,0.0,0.0597,0.0,0.0,0.0,0.0,0.0222,0.0247,0.0234,0.0095,0.0,0.0,0.0,0.0,0.0609,0.0,0.0,0.0,0.0,0.0,0.0,0.0686,0.006999999999999999,0.0684,0.0061,0.0,0.0405,0.0,0.0,0.0,0.0,0.0,0.0002,0.0243
7974,0.0,0.0,0.0005,0.0,0.0,0.0,0.0,0.0605,0.1929,0.0396,0.0,0.0,0.0005,0.0955,0.1695,0.0,0.0019,0.0,0.1452,0.0658,0.0,0.0,0.0,0.0,0.0,0.0,0.0231,0.0,0.0,0.0,0.0,0.0,0.0,0.0,0.0,1.0,0.0,0.0051,0.0,0.1017,0.0,0.1558,0.0253,0.0847,0.0,0.0,0.0,0.0,0.0269,0.0,0.044000000000000004,0.0,0.0,0.0,0.0,0.0,0.0,0.0472,0.0,0.0,0.0,0.0,0.1703,0.0,0.1302,0.0,0.0,0.0,0.0872,0.0,0.0,0.0029,0.0123,0.0,0.0,0.0,0.0,0.0,0.0,0.0367,0.036000000000000004,0.0,0.0,0.0,0.1389,0.0,0.0,0.0,0.0299,0.0081,0.0,0.0136,0.0,0.0,0.0,0.0597,0.0,0.1701,0.012
6136,0.0,0.0674,0.0,0.0,0.0013,0.0,0.0,0.0002,0.0,0.0,0.0259,0.0335,0.0067,0.0,0.0,0.0,0.0202,0.0,0.0,0.0,0.0038,0.0114,0.0345,0.0,0.0,0.0247,0.0,0.0,0.0,0.0641,0.0,0.0184,0.0064,0.0,0.0,0.0,1.0,0.0035,0.0,0.0,0.0191,0.0,0.0,0.0,0.0,0.0044,0.008,0.0064,0.0,0.0101,0.0,0.0,0.002,0.0,0.0,0.0,0.0,0.0,0.0488,0.0087,0.0018,0.0114,0.0,0.0,0.0,0.0153,0.0,0.0,0.0,0.0,0.0,0.0371,0.0,0.024,0.0,0.0257,0.0,0.0105,0.037000000000000005,0.0069,0.0,0.0156,0.0039,0.0209,0.0,0.0305,0.0,0.0158,0.0,0.0064,0.0,0.0,0.0,0.0581,0.0,0.0,0.0247,0.0,0.0
4839,0.038,0.0167,0.0159,0.0,0.0175,0.0264,0.0,0.0189,0.0333,0.0156,0.0074,0.0181,0.0282,0.0188,0.0166,0.0268,0.0251,0.0279,0.0573,0.0223,0.0123,0.1474,0.1038,0.0221,0.0,0.0797,0.0324,0.0152,0.0,0.038,0.0,0.0,0.0317,0.0068,0.034,0.0051,0.0035,1.0,0.0,0.0091,0.0277,0.0,0.0,0.0332,0.0186,0.0405,0.0,0.0,0.0149,0.0463,0.0391,0.0,0.0,0.0294,0.0463,0.0,0.0,0.042,0.024,0.0,0.0181,0.0842,0.0353,0.0,0.0321,0.0,0.109,0.0259,0.0194,0.0,0.0,0.047,0.0437,0.0305,0.0172,0.0127,0.0405,0.0387,0.0011,0.0649,0.0,0.0329,0.0559,0.0239,0.0244,0.0,0.0786,0.0,0.0079,0.0811,0.0,0.0314,0.0,0.0123,0.0,0.0,0.0769,0.0,0.0124
5878,0.0,0.0235,0.0,0.0006,0.0,0.0,0.0107,0.0053,0.0,0.0581,0.0,0.0335,0.0234,0.0251,0.0041,0.0,0.0014,0.0024,0.0088,0.0,0.0205,0.0118,0.0,0.0,0.0863,0.0,0.0401,0.0,0.0154,0.0,0.0,0.0,0.0363,0.0,0.028999999999999998,0.0,0.0,0.0,1.0,0.0018,0.0,0.0,0.0,0.0164,0.0221,0.0168,0.0,0.0,0.0,0.0355,0.0065,0.0082,0.0092,0.0017,0.0295,0.0,0.0,0.0474,0.0089,0.004,0.0779,0.0,0.0082,0.0,0.0,0.0,0.0,0.0,0.0,0.0,0.0056,0.002,0.0745,0.0014,0.0162,0.0,0.0,0.0,0.0003,0.0586,0.0,0.0,0.0,0.0,0.0,0.0304,0.0323,0.0,0.0613,0.0,0.0,0.0594,0.0,0.001,0.0058,0.0,0.0315,0.0,0.0
4093,0.0,0.0,0.0,0.0,0.0,0.0,0.0,0.0,0.1737,0.0402,0.0,0.0,0.0173,0.1372,0.1316,0.0534,0.0,0.0036,0.0903,0.19,0.0082,0.0,0.0093,0.0,0.0273,0.0,0.0,0.0,0.0241,0.0,0.0,0.0063,0.0,0.0,0.0083,0.1017,0.0,0.0091,0.0018,1.0,0.0,0.1272,0.0037,0.0944,0.0,0.0309,0.0019,0.0,0.0184,0.0089,0.1379,0.0,0.0211,0.0489,0.0252,0.0,0.0,0.0607,0.0,0.0,0.0134,0.035,0.0634,0.0,0.2025,0.0061,0.0042,0.0,0.1217,0.0,0.0,0.0222,0.0232,0.0254,0.0,0.0087,0.0,0.0,0.0,0.0354,0.0195,0.0,0.0,0.0295,0.1725,0.0,0.0127,0.0031,0.0186,0.0,0.0201,0.0581,0.0,0.0,0.0,0.1455,0.0046,0.0747,0.0
7257,0.0759,0.0,0.0,0.0099,0.0094,0.0,0.0,0.0,0.0,0.0,0.0423,0.0,0.0138,0.0063,0.0,0.0028,0.0087,0.0,0.0,0.0036,0.0,0.0129,0.1655,0.0055,0.0221,0.0521,0.0,0.0,0.0,0.0109,0.0,0.0017,0.0,0.0976,0.0,0.0,0.0191,0.0277,0.0,0.0,1.0,0.0,0.0,0.0,0.0131,0.0119,0.0,0.0,0.0082,0.0535,0.0067,0.0378,0.0032,0.0092,0.0,0.0627,0.0,0.0404,0.0,0.0,0.0029,0.0909,0.0,0.0,0.0104,0.0,0.0,0.0091,0.0104,0.0,0.0,0.0,0.0,0.0,0.0,0.0,0.0,0.0,0.0145,0.0243,0.0,0.0083,0.0025,0.0,0.0,0.0272,0.0,0.0263,0.0,0.0276,0.0,0.0052,0.0349,0.0057,0.1108,0.0006,0.0,0.0,0.0
4383,0.0,0.0,0.0,0.0,0.0,0.0436,0.0,0.0623,0.1327,0.0529,0.0,0.0,0.0,0.0592,0.1224,0.0,0.0188,0.0109,0.0672,0.1146,0.0069,0.0092,0.003,0.0019,0.0,0.0073,0.0053,0.0,0.0,0.0,0.0,0.0,0.0,0.0153,0.0,0.1558,0.0,0.0,0.0,0.1272,0.0,1.0,0.0,0.0375,0.0,0.0,0.0,0.0,0.0,0.0,0.0618,0.0,0.0248,0.0555,0.0,0.0,0.0,0.0,0.0,0.0,0.0,0.0,0.052000000000000005,0.0,0.1361,0.0,0.0,0.0143,0.0886,0.0,0.0156,0.0,0.0154,0.0097,0.0,0.0361,0.0,0.0,0.0,0.0043,0.0277,0.006999999999999999,0.0,0.0049,0.1309,0.0,0.0034,0.0,0.004,0.0143,0.0,0.012,0.0284,0.0,0.0,0.0977,0.0,0.1202,0.0202
4605,0.0,0.0,0.028999999999999998,0.0,0.0,0.0229,0.0,0.02,0.0,0.0,0.0,0.0157,0.0,0.0,0.0,0.0,0.0,0.0,0.0126,0.0209,0.0005,0.0,0.0,0.0162,0.0,0.0033,0.0,0.0043,0.0,0.025,0.0,0.0,0.0375,0.0,0.0,0.0253,0.0,0.0,0.0,0.0037,0.0,0.0,1.0,0.0,0.0,0.0,0.0,0.0,0.0417,0.0,0.0,0.0,0.0172,0.0,0.0,0.0,0.0,0.0,0.0,0.0,0.0,0.0,0.0163,0.0,0.0,0.0,0.0456,0.0,0.0264,0.0,0.0,0.0,0.0,0.0,0.0,0.0,0.0,0.0,0.0,0.0,0.0,0.0002,0.0,0.0407,0.0141,0.0,0.0,0.0,0.0,0.0,0.0,0.0,0.0,0.0,0.0,0.0,0.0,0.0064,0.0
10867,0.0,0.0,0.0,0.0,0.0,0.0171,0.0,0.1,0.0647,0.2114,0.0,0.0,0.0,0.0614,0.1054,0.0335,0.012,0.0,0.2359,0.069,0.0,0.0189,0.0015,0.0,0.0459,0.0153,0.0821,0.0,0.0111,0.0,0.0129,0.0107,0.0061,0.0,0.0376,0.0847,0.0,0.0332,0.0164,0.0944,0.0,0.0375,0.0,1.0,0.0,0.0748,0.0,0.0,0.0,0.015,0.0475,0.0,0.0266,0.035,0.0314,0.0,0.0,0.0665,0.08,0.0029,0.0291,0.0083,0.2594,0.0,0.0901,0.0,0.0457,0.0,0.0342,0.0,0.0,0.0286,0.0645,0.0265,0.0024,0.0051,0.0246,0.0005,0.0053,0.0699,0.0258,0.0,0.0,0.0,0.0409,0.0,0.0,0.0198,0.0321,0.0138,0.0426,0.0208,0.0,0.0,0.0,0.0371,0.0,0.0877,0.0332
6304,0.0439,0.0,0.0,0.0,0.0,0.0,0.0,0.0,0.0175,0.0002,0.0,0.0047,0.084,0.0,0.0,0.0036,0.0,0.0089,0.0,0.0,0.0,0.0395,0.0194,0.0155,0.0245,0.0406,0.0636,0.0,0.0,0.0195,0.0,0.0,0.0052,0.0268,0.0,0.0,0.0,0.0186,0.0221,0.0,0.0131,0.0,0.0,0.0,1.0,0.0086,0.0,0.0917,0.0,0.0862,0.0,0.0,0.0,0.0226,0.0,0.0207,0.0,0.0382,0.0,0.1213,0.0083,0.0248,0.0,0.0,0.0,0.0588,0.0,0.0,0.0,0.0,0.0,0.0308,0.0085,0.0088,0.2099,0.0227,0.0097,0.1125,0.0292,0.0167,0.0,0.0391,0.0,0.0,0.0086,0.0091,0.0374,0.0,0.0548,0.0083,0.0291,0.0551,0.0,0.0606,0.0,0.0,0.0044,0.0,0.008
5439,0.0,0.0213,0.0,0.0,0.0156,0.0539,0.0058,0.0423,0.0843,0.0439,0.0477,0.0,0.0,0.0238,0.0776,0.027999999999999997,0.0,0.0,0.0205,0.0851,0.0,0.0042,0.0524,0.0561,0.0009,0.0768,0.0558,0.0123,0.0,0.0069,0.0267,0.0323,0.0,0.0122,0.0018,0.0,0.0044,0.0405,0.0168,0.0309,0.0119,0.0,0.0,0.0748,0.0086,1.0,0.0009,0.0,0.0229,0.0247,0.0689,0.0044,0.0,0.0469,0.0285,0.0,0.0,0.0408,0.0604,0.009000000000000001,0.0,0.124,0.0232,0.0,0.0723,0.0,0.0201,0.0398,0.0407,0.0221,0.0,0.0207,0.0,0.0034,0.0275,0.0274,0.0421,0.0081,0.0,0.0666,0.0,0.026000000000000002,0.0069,0.0118,0.0565,0.0,0.0037,0.0075,0.006,0.013000000000000001,0.0118,0.0,0.0027,0.0,0.0062,0.038,0.0339,0.0402,0.0342
3170,0.0,0.0,0.0,0.001,0.0,0.0,0.0224,0.0081,0.0,0.0115,0.0,0.0,0.0115,0.0243,0.0,0.0,0.0166,0.0,0.0,0.0,0.0,0.0,0.0084,0.0,0.0473,0.0,0.0303,0.0,0.0221,0.0046,0.0006,0.0412,0.0,0.0135,0.0,0.0,0.008,0.0,0.0,0.0019,0.0,0.0,0.0,0.0,0.0,0.0009,1.0,0.0,0.0,0.0,0.0,0.0,0.0165,0.0,0.0,0.0,0.0,0.0,0.0045,0.0,0.0,0.0128,0.0,0.0522,0.0,0.0,0.0,0.0044,0.0,0.0,0.0256,0.0,0.0,0.0,0.0,0.0,0.0,0.0,0.0005,0.0121,0.0,0.0,0.0,0.0,0.0,0.0,0.0,0.0285,0.0042,0.0146,0.0,0.0228,0.0,0.0,0.005,0.0,0.0404,0.0,0.0
11399,0.0,0.0,0.0,0.0,0.0,0.0,0.0,0.0,0.0,0.0128,0.0,0.0,0.0,0.0,0.0,0.0,0.0,0.0,0.0,0.0,0.0,0.0,0.0,0.0,0.0,0.0075,0.0,0.0,0.0,0.0,0.0,0.0,0.0801,0.0,0.0,0.0,0.0064,0.0,0.0,0.0,0.0,0.0,0.0,0.0,0.0917,0.0,0.0,1.0,0.0,0.0179,0.0,0.0,0.0,0.0247,0.0155,0.0,0.0,0.0174,0.0,0.0,0.0024,0.0,0.0,0.0,0.0,0.0674,0.0,0.0012,0.0,0.0,0.0,0.0352,0.0,0.0018,0.0361,0.0,0.0,0.0,0.0078,0.0,0.0,0.0,0.0,0.0,0.0,0.0416,0.0,0.0,0.0246,0.0,0.0178,0.0018,0.0,0.1082,0.0,0.0,0.0,0.0,0.0
5786,0.0,0.0597,0.0831,0.0,0.1098,0.0864,0.0,0.0061,0.0262,0.0,0.1008,0.0,0.0,0.0,0.0185,0.0,0.0,0.0,0.0397,0.0645,0.0,0.0,0.005,0.1086,0.0,0.0,0.0,0.2317,0.0,0.0,0.0,0.0,0.0,0.0,0.0,0.0269,0.0,0.0149,0.0,0.0184,0.0082,0.0,0.0417,0.0,0.0,0.0229,0.0,0.0,1.0,0.0,0.0352,0.0,0.0,0.0306,0.0,0.0,0.0907,0.0,0.0,0.0,0.0,0.0333,0.0164,0.0098,0.0499,0.0882,0.0,0.0771,0.0591,0.2125,0.0,0.0,0.0107,0.0,0.0,0.1297,0.2392,0.0053,0.0,0.0,0.0102,0.0633,0.0465,0.1353,0.0723,0.0,0.0,0.0,0.0,0.0,0.0,0.0,0.0226,0.0,0.0,0.040999999999999995,0.0,0.0,0.0
3735,0.0615,0.0035,0.0,0.0,0.0,0.0,0.0,0.0,0.0134,0.0189,0.0169,0.0014,0.0533,0.0,0.0,0.0594,0.0,0.0,0.001,0.0236,0.0,0.0634,0.0622,0.0288,0.0929,0.0,0.002,0.0,0.0,0.0089,0.0,0.0209,0.0,0.0627,0.0305,0.0,0.0101,0.0463,0.0355,0.0089,0.0535,0.0,0.0,0.015,0.0862,0.0247,0.0,0.0179,0.0,1.0,0.0034,0.1043,0.0,0.0265,0.0253,0.0929,0.0,0.1102,0.0066,0.0731,0.0533,0.0553,0.0,0.0,0.0075,0.0322,0.009000000000000001,0.0,0.0029,0.006999999999999999,0.0,0.0758,0.0342,0.0195,0.0453,0.0,0.0,0.0367,0.0106,0.0509,0.0035,0.0,0.0161,0.0,0.0,0.0262,0.0338,0.0127,0.1186,0.0054,0.0193,0.0994,0.0283,0.0061,0.0912,0.0072,0.0,0.0084,0.015
1075,0.0,0.0,0.0,0.0,0.0,0.0517,0.0,0.0,0.1092,0.0114,0.0052,0.0,0.0,0.1129,0.1051,0.0122,0.0,0.0,0.0202,0.272,0.0,0.0013,0.028999999999999998,0.0187,0.0,0.0615,0.0,0.0199,0.0,0.0,0.0,0.0,0.0,0.0,0.0,0.044000000000000004,0.0,0.0391,0.0065,0.1379,0.0067,0.0618,0.0,0.0475,0.0,0.0689,0.0,0.0,0.0352,0.0034,1.0,0.0,0.0,0.0658,0.0,0.0,0.0,0.034,0.0,0.0,0.0,0.0537,0.0316,0.0,0.1872,0.0,0.0,0.0041,0.155,0.0015,0.0,0.004,0.0,0.0,0.0,0.0048,0.0308,0.0,0.0,0.0443,0.0145,0.0058,0.0335,0.0013,0.1388,0.0,0.0011,0.0,0.0,0.0,0.008,0.0,0.0,0.0,0.0,0.1278,0.0,0.0663,0.0
2220,0.027000000000000003,0.0,0.0,0.0,0.0,0.0,0.0019,0.0,0.0,0.0,0.0087,0.0,0.0368,0.0,0.0,0.0,0.0,0.0,0.0,0.0,0.0,0.0,0.0372,0.0,0.0,0.0,0.0,0.0,0.0,0.0,0.0048,0.0023,0.0,0.0727,0.0379,0.0,0.0,0.0,0.0082,0.0,0.0378,0.0,0.0,0.0,0.0,0.0044,0.0,0.0,0.0,0.1043,0.0,1.0,0.0,0.0,0.0,0.2035,0.0,0.0296,0.0,0.0,0.0017,0.0587,0.0,0.0,0.0,0.0046,0.0,0.0,0.0,0.0,0.0002,0.0124,0.003,0.0,0.0254,0.0,0.0078,0.0,0.0,0.0061,0.0,0.0,0.0,0.0,0.0,0.0332,0.0,0.0024,0.0282,0.0,0.0057,0.059000000000000004,0.0,0.0,0.1186,0.0,0.0,0.0,0.0
3121,0.0,0.0,0.0,0.0343,0.0,0.0,0.0666,0.0,0.0,0.0,0.0,0.0629,0.0,0.0,0.0,0.0138,0.0356,0.0,0.0,0.0,0.0221,0.0038,0.0,0.0,0.0239,0.0,0.0005,0.0,0.0321,0.0028,0.0149,0.0488,0.0098,0.0079,0.0,0.0,0.002,0.0,0.0092,0.0211,0.0032,0.0248,0.0172,0.0266,0.0,0.0,0.0165,0.0,0.0,0.0,0.0,0.0,1.0,0.0,0.0108,0.0,0.0,0.0078,0.0,0.0,0.0,0.0187,0.0,0.0142,0.0025,0.0,0.0165,0.0,0.0,0.0,0.004,0.0,0.0163,0.0098,0.0,0.0,0.0,0.0,0.0383,0.0051,0.0,0.0,0.0,0.0,0.0,0.0,0.0154,0.0403,0.0012,0.0299,0.0,0.0,0.0,0.0091,0.0,0.0,0.0138,0.0045,0.0211
9882,0.0,0.0,0.0,0.0,0.0173,0.0388,0.0,0.0327,0.0604,0.0424,0.0555,0.0,0.0189,0.0125,0.0341,0.0797,0.0041,0.0118,0.0613,0.0881,0.002,0.0,0.0332,0.0372,0.0125,0.1147,0.0,0.0004,0.0031,0.0192,0.0,0.0,0.0298,0.0,0.0,0.0,0.0,0.0294,0.0017,0.0489,0.0092,0.0555,0.0,0.035,0.0226,0.0469,0.0,0.0247,0.0306,0.0265,0.0658,0.0,0.0,1.0,0.0397,0.0,0.0,0.0227,0.0418,0.0225,0.0,0.0331,0.0366,0.0,0.0765,0.0336,0.0,0.0,0.0401,0.0,0.0,0.045,0.0278,0.0,0.0,0.0262,0.0077,0.0242,0.0121,0.03,0.0152,0.0,0.0073,0.0,0.0422,0.0,0.0,0.0,0.0119,0.0,0.0456,0.0,0.0605,0.0271,0.0,0.0633,0.0,0.062,0.0244
10519,0.0,0.0076,0.0,0.0,0.0073,0.0,0.0339,0.0308,0.0165,0.0208,0.0,0.0,0.0326,0.0031,0.0147,0.1287,0.0,0.0,0.0118,0.0005,0.0,0.0299,0.0104,0.0,0.0657,0.0,0.0118,0.0,0.0,0.0,0.0,0.0,0.0,0.0,0.0767,0.0,0.0,0.0463,0.0295,0.0252,0.0,0.0,0.0,0.0314,0.0,0.0285,0.0,0.0155,0.0,0.0253,0.0,0.0,0.0108,0.0397,1.0,0.0,0.0,0.0893,0.0269,0.0431,0.0133,0.0124,0.0,0.0,0.0044,0.0184,0.042,0.0,0.0,0.0,0.0,0.1219,0.018000000000000002,0.0516,0.0049,0.0,0.0,0.0,0.0085,0.042,0.0135,0.0,0.0087,0.0,0.0037,0.013999999999999999,0.0493,0.0,0.0688,0.0,0.1115,0.0489,0.0,0.0472,0.0,0.0104,0.0,0.0,0.0098
15414,0.0384,0.0,0.0,0.0,0.0,0.0,0.0,0.0,0.0,0.0,0.0,0.0,0.0492,0.0,0.0,0.0,0.0,0.0059,0.0,0.0,0.0118,0.0149,0.0323,0.0,0.0,0.0,0.0177,0.0,0.0053,0.0,0.0,0.004,0.0,0.052000000000000005,0.0,0.0,0.0,0.0,0.0,0.0,0.0627,0.0,0.0,0.0,0.0207,0.0,0.0,0.0,0.0,0.0929,0.0,0.2035,0.0,0.0,0.0,1.0,0.0,0.0168,0.0,0.0076,0.0009,0.0506,0.0,0.0,0.0,0.0,0.0,0.0,0.0,0.0,0.0,0.0,0.0,0.0,0.0,0.0,0.0,0.0,0.0,0.0,0.0,0.0074,0.0,0.0,0.0,0.0043,0.0,0.0066,0.0219,0.0105,0.0,0.0388,0.0,0.0,0.0684,0.0,0.0105,0.0,0.0
4885,0.0,0.1243,0.0612,0.0,0.0208,0.0,0.0,0.0,0.0,0.0,0.0184,0.0029,0.0,0.0,0.0,0.0,0.0,0.0,0.0,0.0,0.0,0.0,0.0,0.0696,0.0,0.0,0.0,0.0252,0.0,0.0,0.0112,0.0,0.0,0.0,0.0,0.0,0.0,0.0,0.0,0.0,0.0,0.0,0.0,0.0,0.0,0.0,0.0,0.0,0.0907,0.0,0.0,0.0,0.0,0.0,0.0,0.0,1.0,0.0041,0.0,0.0,0.0,0.0,0.0,0.0,0.0,0.0958,0.0,0.0207,0.0,0.1134,0.0,0.0,0.0,0.0,0.0,0.0368,0.0754,0.0,0.0,0.0,0.0491,0.1004,0.0387,0.1101,0.0,0.0,0.0069,0.0,0.0,0.0,0.0,0.0,0.0,0.0,0.0,0.0,0.0,0.0,0.0
5047,0.0018,0.0435,0.0,0.0,0.0529,0.0144,0.0095,0.0246,0.06,0.0362,0.0323,0.0005,0.0659,0.0296,0.0625,0.0703,0.0,0.0006,0.0578,0.0491,0.0,0.0686,0.0491,0.034,0.0939,0.0492,0.0505,0.01,0.0066,0.0,0.0186,0.0233,0.0228,0.0465,0.0192,0.0472,0.0,0.042,0.0474,0.0607,0.0404,0.0,0.0,0.0665,0.0382,0.0408,0.0,0.0174,0.0,0.1102,0.034,0.0296,0.0078,0.0227,0.0893,0.0168,0.0041,1.0,0.0164,0.0584,0.0169,0.0532,0.0301,0.0,0.0533,0.0379,0.0425,0.0254,0.0654,0.0301,0.0,0.0504,0.0472,0.0092,0.01,0.0367,0.0407,0.0059,0.0,0.043,0.0,0.0198,0.0176,0.0335,0.046,0.0343,0.0236,0.0082,0.1057,0.0,0.0362,0.0813,0.0139,0.0076,0.0344,0.0363,0.0317,0.0416,0.0324
4494,0.0001,0.0507,0.0,0.0,0.0406,0.0,0.0067,0.0462,0.0194,0.0637,0.0279,0.0024,0.0185,0.0188,0.0415,0.0305,0.0046,0.0,0.0315,0.0048,0.0335,0.0,0.0289,0.0,0.0016,0.0712,0.0091,0.0239,0.0,0.0396,0.0,0.0282,0.0291,0.0053,0.0,0.0,0.0488,0.024,0.0089,0.0,0.0,0.0,0.0,0.08,0.0,0.0604,0.0045,0.0,0.0,0.0066,0.0,0.0,0.0,0.0418,0.0269,0.0,0.0,0.0164,1.0,0.0054,0.0,0.0211,0.0236,0.0111,0.0096,0.0,0.0,0.0089,0.0112,0.0004,0.0,0.0313,0.0,0.0,0.0,0.0484,0.0241,0.0072,0.002,0.0156,0.0,0.0008,0.0033,0.0639,0.0279,0.0,0.0236,0.0199,0.0126,0.0,0.0138,0.0,0.0,0.0,0.0,0.0008,0.0,0.0,0.0079
10453,0.0,0.0,0.0,0.0,0.0,0.0,0.0,0.0,0.0,0.0043,0.0,0.0079,0.08199999999999999,0.0,0.0,0.0437,0.0,0.0,0.0,0.0,0.0,0.024,0.0,0.0,0.0545,0.0,0.0111,0.0,0.0,0.0039,0.004,0.0,0.0491,0.0,0.0167,0.0,0.0087,0.0,0.004,0.0,0.0,0.0,0.0,0.0029,0.1213,0.009000000000000001,0.0,0.0,0.0,0.0731,0.0,0.0,0.0,0.0225,0.0431,0.0076,0.0,0.0584,0.0054,1.0,0.0447,0.0,0.0,0.0,0.0,0.0116,0.0,0.0,0.0,0.0,0.0,0.0913,0.0131,0.0369,0.1238,0.0,0.0,0.1421,0.0018,0.0292,0.0189,0.0,0.0,0.0,0.0,0.0073,0.0184,0.0,0.0,0.0,0.0416,0.0175,0.0,0.0662,0.0029,0.0018,0.0,0.0,0.0
10016,0.0,0.0113,0.0,0.0,0.0,0.0,0.0,0.0117,0.0056,0.0226,0.0,0.0474,0.0091,0.0,0.0,0.0008,0.0,0.0,0.0405,0.0,0.0,0.0193,0.0,0.0,0.03,0.0,0.0266,0.0,0.0,0.0,0.0,0.0305,0.0269,0.0,0.0594,0.0,0.0018,0.0181,0.0779,0.0134,0.0029,0.0,0.0,0.0291,0.0083,0.0,0.0,0.0024,0.0,0.0533,0.0,0.0017,0.0,0.0,0.0133,0.0009,0.0,0.0169,0.0,0.0447,1.0,0.0101,0.0,0.0002,0.0098,0.0176,0.0,0.0,0.0156,0.0,0.0,0.0305,0.0386,0.0205,0.0008,0.0,0.0,0.0,0.0064,0.0513,0.0,0.0,0.0,0.0,0.0,0.0176,0.0347,0.0,0.0646,0.0,0.0392,0.0271,0.0,0.0,0.0265,0.0,0.0,0.0146,0.0282
2111,0.0335,0.0087,0.0364,0.0,0.0473,0.0472,0.0203,0.023,0.0482,0.0062,0.0861,0.0166,0.0347,0.01,0.0303,0.0183,0.0085,0.0339,0.0,0.0866,0.0,0.022000000000000002,0.1318,0.0308,0.0469,0.1271,0.0475,0.0033,0.0,0.0355,0.0113,0.0054,0.0,0.0708,0.0,0.0,0.0114,0.0842,0.0,0.035,0.0909,0.0,0.0,0.0083,0.0248,0.124,0.0128,0.0,0.0333,0.0553,0.0537,0.0587,0.0187,0.0331,0.0124,0.0506,0.0,0.0532,0.0211,0.0,0.0101,1.0,0.0,0.0091,0.062,0.0,0.0,0.0481,0.0593,0.0,0.0,0.0019,0.0027,0.0413,0.0,0.0537,0.0491,0.0,0.0351,0.0306,0.0,0.0472,0.0253,0.0551,0.0559,0.0,0.0171,0.0116,0.0,0.0858,0.001,0.0321,0.0637,0.0287,0.0413,0.0087,0.0794,0.0266,0.0735
2574,0.0,0.0,0.0,0.0,0.0,0.0378,0.0,0.0927,0.0335,0.1851,0.0,0.0,0.0113,0.0408,0.0798,0.0,0.019,0.003,0.2715,0.0832,0.0,0.0,0.0,0.0,0.0,0.0,0.0108,0.0,0.0084,0.0,0.0,0.0063,0.022000000000000002,0.0,0.0476,0.1703,0.0,0.0353,0.0082,0.0634,0.0,0.052000000000000005,0.0163,0.2594,0.0,0.0232,0.0,0.0,0.0164,0.0,0.0316,0.0,0.0,0.0366,0.0,0.0,0.0,0.0301,0.0236,0.0,0.0,0.0,1.0,0.0,0.0981,0.0,0.0232,0.0,0.0372,0.011000000000000001,0.0,0.0053,0.0156,0.0,0.0,0.0,0.0,0.0,0.0,0.0326,0.0268,0.0,0.0,0.0,0.0607,0.0,0.0,0.0048,0.0048,0.0152,0.0,0.0048,0.0,0.0,0.0,0.0536,0.0,0.0763,0.0
6066,0.0,0.0,0.0023,0.0,0.0,0.0042,0.0,0.0,0.0,0.0,0.0,0.0,0.0077,0.0177,0.002,0.0,0.0,0.0,0.0,0.0,0.0,0.0,0.0,0.0,0.0183,0.034,0.0,0.0019,0.0,0.0,0.0566,0.0135,0.0,0.0,0.0,0.0,0.0,0.0,0.0,0.0,0.0,0.0,0.0,0.0,0.0,0.0,0.0522,0.0,0.0098,0.0,0.0,0.0,0.0142,0.0,0.0,0.0,0.0,0.0,0.0111,0.0,0.0002,0.0091,0.0,1.0,0.0,0.0,0.0,0.0106,0.0,0.0042,0.0,0.0,0.0,0.0,0.0,0.0051,0.0247,0.0,0.0,0.0,0.0,0.0,0.0,0.027999999999999997,0.0,0.0,0.0,0.0,0.0,0.0,0.0,0.0051,0.0,0.0,0.0,0.0017,0.0,0.0,0.0
1440,0.0,0.0,0.0,0.0,0.0177,0.0321,0.0,0.0,0.1951,0.0715,0.0328,0.0023,0.0,0.1452,0.1718,0.0024,0.0056,0.0,0.1191,0.2437,0.0,0.0,0.0354,0.0276,0.0286,0.0713,0.0,0.0246,0.0066,0.0,0.0,0.0,0.0,0.0,0.0301,0.1302,0.0,0.0321,0.0,0.2025,0.0104,0.1361,0.0,0.0901,0.0,0.0723,0.0,0.0,0.0499,0.0075,0.1872,0.0,0.0025,0.0765,0.0044,0.0,0.0,0.0533,0.0096,0.0,0.0098,0.062,0.0981,0.0,1.0,0.0,0.0112,0.0139,0.1585,0.0,0.0,0.0,0.0154,0.0,0.0,0.0307,0.0122,0.0066,0.0,0.0705,0.0391,0.0,0.0,0.0184,0.2087,0.004,0.0011,0.0035,0.0252,0.0045,0.0012,0.0191,0.0336,0.0,0.0,0.1501,0.0,0.1166,0.0
12635,0.0,0.031,0.0499,0.0,0.0561,0.0,0.0,0.0,0.0,0.0127,0.0611,0.0138,0.0,0.0,0.0001,0.0044,0.0,0.0187,0.0,0.0,0.0126,0.0,0.022000000000000002,0.0899,0.0,0.1057,0.0,0.065,0.0,0.0007,0.0,0.0,0.0,0.0,0.0,0.0,0.0153,0.0,0.0,0.0061,0.0,0.0,0.0,0.0,0.0588,0.0,0.0,0.0674,0.0882,0.0322,0.0,0.0046,0.0,0.0336,0.0184,0.0,0.0958,0.0379,0.0,0.0116,0.0176,0.0,0.0,0.0,0.0,1.0,0.0,0.0166,0.0,0.0799,0.0,0.0247,0.025,0.0,0.0132,0.0936,0.0832,0.0502,0.0081,0.0,0.0259,0.0523,0.0746,0.0504,0.0,0.0672,0.0,0.0,0.0281,0.0,0.0036,0.0,0.0033,0.0274,0.0055,0.0,0.0,0.0,0.0
8253,0.0,0.0,0.0678,0.0,0.0,0.04,0.0,0.0148,0.0146,0.0073,0.0,0.0,0.0162,0.0,0.0286,0.0,0.0077,0.0095,0.0331,0.0096,0.0,0.0728,0.0,0.0085,0.0241,0.025,0.0348,0.0097,0.0243,0.0212,0.0135,0.0,0.0299,0.0,0.0597,0.0,0.0,0.109,0.0,0.0042,0.0,0.0,0.0456,0.0457,0.0,0.0201,0.0,0.0,0.0,0.009000000000000001,0.0,0.0,0.0165,0.0,0.042,0.0,0.0,0.0425,0.0,0.0,0.0,0.0,0.0232,0.0,0.0112,0.0,1.0,0.0,0.0306,0.0,0.0,0.0104,0.0564,0.0088,0.0015,0.0,0.0076,0.0,0.0,0.0461,0.0,0.0061,0.0,0.0,0.0292,0.0,0.0209,0.0,0.0094,0.0,0.0,0.0133,0.0,0.0,0.0,0.0,0.0,0.0081,0.01
12726,0.0,0.0,0.0047,0.0,0.2101,0.102,0.0,0.0168,0.0,0.0,0.1677,0.0,0.0,0.0192,0.0,0.0,0.0,0.0,0.0,0.0332,0.0,0.0,0.0611,0.2345,0.0,0.1035,0.0,0.0895,0.0,0.0,0.0,0.0,0.0,0.0,0.0,0.0,0.0,0.0259,0.0,0.0,0.0091,0.0143,0.0,0.0,0.0,0.0398,0.0044,0.0012,0.0771,0.0,0.0041,0.0,0.0,0.0,0.0,0.0,0.0207,0.0254,0.0089,0.0,0.0,0.0481,0.0,0.0106,0.0139,0.0166,0.0,1.0,0.0203,0.1145,0.0,0.0,0.0,0.0274,0.0119,0.1903,0.1013,0.0,0.0,0.0,0.0082,0.0344,0.0644,0.1152,0.0,0.0196,0.0,0.0,0.0,0.0,0.0,0.0,0.0724,0.0,0.0,0.039,0.0,0.0,0.0113
3413,0.0,0.0175,0.0,0.0,0.015,0.0201,0.0,0.0,0.1892,0.0219,0.0405,0.0,0.0,0.1156,0.1063,0.0115,0.0057,0.0,0.0605,0.1961,0.0,0.0,0.027999999999999997,0.0574,0.0,0.0573,0.0,0.0446,0.0,0.0056,0.0005,0.0,0.0251,0.0,0.0,0.0872,0.0,0.0194,0.0,0.1217,0.0104,0.0886,0.0264,0.0342,0.0,0.0407,0.0,0.0,0.0591,0.0029,0.155,0.0,0.0,0.0401,0.0,0.0,0.0,0.0654,0.0112,0.0,0.0156,0.0593,0.0372,0.0,0.1585,0.0,0.0306,0.0203,1.0,0.0284,0.0,0.0047,0.0,0.0,0.0,0.0389,0.0511,0.0,0.0,0.0442,0.032,0.0016,0.0032,0.0772,0.1903,0.0,0.0075,0.0,0.0174,0.0,0.0,0.0,0.0351,0.0,0.0,0.1603,0.0,0.0791,0.0
4640,0.0,0.0366,0.1134,0.0,0.1232,0.0331,0.0,0.0,0.0,0.0079,0.0637,0.0,0.0,0.0,0.0213,0.0,0.0,0.0,0.0,0.0217,0.0,0.0,0.0216,0.1132,0.0,0.0,0.0,0.2536,0.0,0.0,0.0,0.0,0.0,0.0,0.0,0.0,0.0,0.0,0.0,0.0,0.0,0.0,0.0,0.0,0.0,0.0221,0.0,0.0,0.2125,0.006999999999999999,0.0015,0.0,0.0,0.0,0.0,0.0,0.1134,0.0301,0.0004,0.0,0.0,0.0,0.011000000000000001,0.0042,0.0,0.0799,0.0,0.1145,0.0284,1.0,0.0,0.0,0.0,0.0,0.0,0.0589,0.2647,0.0,0.0,0.0,0.0255,0.0463,0.0534,0.1155,0.0,0.0,0.0,0.0,0.0,0.0,0.0,0.0,0.0024,0.0,0.0,0.0086,0.0,0.0,0.0
7154,0.0024,0.0067,0.0,0.0199,0.0,0.0,0.0452,0.0,0.0,0.0,0.0,0.0,0.0,0.0,0.0,0.0,0.0462,0.0,0.0,0.0,0.0349,0.0343,0.0058,0.0,0.0,0.0,0.0,0.0,0.0289,0.0444,0.0453,0.0072,0.008,0.0193,0.0,0.0,0.0,0.0,0.0056,0.0,0.0,0.0156,0.0,0.0,0.0,0.0,0.0256,0.0,0.0,0.0,0.0,0.0002,0.004,0.0,0.0,0.0,0.0,0.0,0.0,0.0,0.0,0.0,0.0,0.0,0.0,0.0,0.0,0.0,0.0,0.0,1.0,0.0,0.0,0.0166,0.0,0.0,0.0,0.0,0.0185,0.0,0.0,0.0,0.0,0.0,0.0,0.0,0.0,0.0275,0.0048,0.0432,0.0,0.0,0.0,0.0,0.0082,0.0,0.0136,0.0,0.0
