,12141,12138,1722,12635,12850,3144,3413,13700,14225,3897,4199,17120,5046,5047,16245,6066,6335,8479,8551,1602,9465,1690,11228,10499,5597,6502,6435,8762,9850,2817,3170,4510,2403,2285,1078,7881,6104,8530,4321,6266,3532,8247,8455,7435,7257,3439,14824,11550,10519,8810,5439,7366,1440,7985,8151,11465,4839,4058,3980,6375,2086,4093,1209,11220,1230,4383,7085,4640,8030,8068,9225,9667,4885,4973,11506,7974,1678,2111,11456,6078,8358,5783,5786,10016,7154,11060,10407,1913,7065,3121,5125,6304,6565,27914,10867,6742,2019,3735,6730,10453,10247,4423,5256,5518,6136,8823,3362,5878,1988,1449,7982,4605,9882,1447,6008,9778,8245,8253,6649,7875,1161,2220,10530,2574,11376,2547,7923,13341,4029,9783,11399,1487,8898,4213,12726,13510,15267,15414,16478,11687,2184,4494,11811
12141,1.0,0.0012,0.0,0.0311,0.057999999999999996,0.0026,0.0,0.0046,0.0319,0.0,0.0,0.0,0.0436,0.0387,0.0,0.1639,0.0,0.0,0.0333,0.0,0.0277,0.1216,0.0,0.0723,0.0085,0.0,0.0,0.0,0.0,0.0201,0.0,0.0194,0.0068,0.0,0.0078,0.0,0.0466,0.0082,0.0371,0.0,0.0513,0.0027,0.0,0.0,0.0418,0.0,0.0156,0.0,0.0,0.0,0.0,0.0,0.0,0.003,0.0,0.0125,0.0067,0.0052,0.0317,0.0347,0.002,0.0,0.0,0.0,0.0,0.0,0.0,0.0,0.0,0.0,0.0,0.0028,0.0,0.0,0.0,0.0,0.0,0.0264,0.0,0.0169,0.005,0.0,0.0,0.0,0.0,0.0243,0.0092,0.0,0.0269,0.0,0.0042,0.0402,0.015,0.0,0.0,0.0,0.0,0.0326,0.0245,0.0648,0.0,0.0356,0.0008,0.0225,0.0357,0.0,0.0,0.0005,0.0181,0.0,0.0,0.0,0.0,0.0566,0.1469,0.0254,0.0,0.008,0.0343,0.0255,0.0155,0.0,0.0418,0.0,0.0194,0.0,0.0,0.0,0.0,0.0,0.1293,0.0,0.0,0.0189,0.0,0.0,0.0296,0.0,0.0,0.0,0.0896,0.0158,0.049
12138,0.0012,1.0,0.0,0.1005,0.0145,0.0,0.0013,0.0013,0.0,0.0,0.0,0.0675,0.0,0.0046,0.0494,0.0267,0.0,0.0,0.0,0.0079,0.0,0.0,0.0,0.0,0.0,0.0,0.0,0.0,0.0,0.0048,0.0,0.0,0.034,0.0,0.0,0.0,0.0,0.0115,0.0,0.0,0.0001,0.0,0.0,0.0,0.0012,0.0,0.0558,0.0,0.0,0.0115,0.0,0.0,0.0,0.0,0.0,0.0188,0.0,0.0,0.0,0.0013,0.0,0.0,0.0,0.0,0.0,0.0082,0.0,0.0497,0.0,0.0,0.0,0.0,0.2262,0.0394,0.0,0.0,0.0188,0.0,0.0,0.0143,0.0,0.0,0.0501,0.0,0.0,0.0,0.0,0.0,0.1385,0.0,0.0,0.0,0.0,0.0,0.0,0.0946,0.1636,0.0,0.0167,0.0,0.0,0.0,0.0,0.0061,0.0015,0.013000000000000001,0.0,0.0,0.001,0.0454,0.0604,0.0181,0.0,0.0348,0.0021,0.0235,0.121,0.0,0.0,0.0,0.0,0.0,0.0,0.0,0.0,0.0633,0.0,0.0272,0.0082,0.0589,0.0,0.0703,0.1513,0.0,0.0619,0.0,0.0,0.0,0.0,0.1059,0.0,0.0053,0.006999999999999999
1722,0.0,0.0,1.0,0.0,0.0,0.0208,0.0,0.0128,0.0021,0.0016,0.0,0.0,0.0,0.0,0.0,0.0,0.0582,0.0701,0.0,0.0,0.0,0.0,0.0084,0.0,0.0565,0.0395,0.0002,0.0222,0.0,0.0,0.0599,0.0891,0.0138,0.0,0.0078,0.0178,0.0188,0.0063,0.0148,0.0,0.0,0.0563,0.0,0.0,0.0073,0.0073,0.0,0.0065,0.0,0.0,0.0063,0.0,0.0,0.0,0.0269,0.0,0.0,0.0113,0.0,0.0718,0.0129,0.0,0.0239,0.0,0.0,0.0054,0.0,0.0,0.0,0.0343,0.0,0.0,0.0,0.0,0.0117,0.0,0.0,0.0,0.0043,0.0588,0.0,0.0,0.0,0.0,0.0204,0.0,0.0,0.0,0.0,0.0105,0.0057,0.0,0.0,0.0,0.0735,0.0,0.0,0.0,0.0341,0.0,0.05,0.0,0.0,0.0,0.0,0.0,0.0,0.0024,0.0133,0.0,0.0,0.0,0.0,0.0,0.0,0.0,0.0,0.0,0.0005,0.0,0.0,0.0223,0.0021,0.0,0.0037,0.0,0.0118,0.0,0.0,0.0,0.0,0.0,0.0,0.04,0.0,0.0,0.0176,0.0059,0.01,0.0,0.0,0.0,0.0
12635,0.0311,0.1005,0.0,1.0,0.0606,0.0,0.0,0.0114,0.0,0.0,0.0,0.1103,0.0184,0.0563,0.0588,0.0459,0.0,0.0,0.0,0.0145,0.0,0.0333,0.0,0.0,0.0,0.0,0.0,0.0,0.0,0.0277,0.0,0.0,0.0387,0.0075,0.0248,0.0,0.0,0.0317,0.0,0.0111,0.0028,0.0,0.0,0.0,0.0,0.0,0.0753,0.0,0.0,0.0,0.0124,0.0,0.0,0.0346,0.0,0.0154,0.0026,0.0107,0.0,0.0,0.0408,0.0133,0.0,0.0,0.0,0.0,0.0,0.0883,0.0,0.0,0.0,0.0301,0.1045,0.0698,0.0,0.0,0.0,0.0412,0.0,0.0,0.0093,0.0066,0.0738,0.0,0.0,0.0,0.0,0.006,0.0781,0.0,0.0124,0.0035,0.0,0.0348,0.0,0.061,0.044000000000000004,0.0072,0.0385,0.0,0.0,0.0675,0.0,0.0055,0.013999999999999999,0.0213,0.0,0.0,0.0268,0.0345,0.0773,0.0,0.0,0.0807,0.0327,0.0,0.0844,0.0,0.0235,0.0051,0.0,0.0286,0.0468,0.0,0.0055,0.0888,0.0134,0.0546,0.0,0.0874,0.0138,0.0779,0.0444,0.0,0.0447,0.0,0.018000000000000002,0.0,0.0,0.1033,0.0,0.0248,0.1526
12850,0.057999999999999996,0.0145,0.0,0.0606,1.0,0.0,0.0,0.0549,0.0,0.0,0.0,0.0103,0.0418,0.0123,0.0,0.0648,0.0,0.0,0.0,0.0361,0.003,0.027000000000000003,0.0,0.0,0.0,0.0114,0.0,0.0,0.0,0.0,0.0,0.0105,0.0159,0.0,0.0259,0.0,0.0,0.034,0.0043,0.0142,0.02,0.0105,0.0,0.0,0.0155,0.0,0.01,0.0,0.0,0.0,0.0033,0.0,0.0,0.0007,0.0,0.0,0.0261,0.0061,0.0131,0.0,0.0904,0.0,0.0,0.0,0.0,0.0,0.0,0.0,0.0,0.0,0.0,0.0,0.0208,0.0149,0.0,0.0,0.0,0.1086,0.0,0.0048,0.0,0.0,0.0,0.0,0.0,0.0,0.0012,0.0,0.0081,0.0,0.0,0.035,0.0,0.0482,0.0,0.0,0.0103,0.0101,0.0308,0.01,0.0098,0.0,0.0,0.0,0.0201,0.0,0.0,0.0,0.0,0.0,0.0,0.0,0.0,0.0242,0.0265,0.0191,0.0,0.0,0.0196,0.0,0.0,0.0506,0.0213,0.0,0.0268,0.0674,0.0,0.0,0.0,0.0,0.0481,0.0012,0.0,0.0162,0.006,0.0,0.0158,0.0491,0.0,0.0,0.001,0.0187,0.0387
3144,0.0026,0.0,0.0208,0.0,0.0,1.0,0.0,0.0503,0.0126,0.0,0.0334,0.0,0.0,0.0,0.0,0.0189,0.0,0.1276,0.0,0.0,0.0325,0.0011,0.0,0.0016,0.0474,0.0095,0.0,0.0692,0.0,0.0018,0.0993,0.0,0.0,0.0,0.0,0.0,0.0297,0.0,0.0006,0.0,0.0,0.0291,0.0,0.0275,0.0,0.0,0.0,0.0,0.0,0.0,0.0,0.0,0.0,0.0,0.0,0.0,0.0,0.0,0.0024,0.0122,0.0077,0.0,0.0255,0.0,0.0,0.0,0.0,0.0,0.0,0.043,0.0,0.001,0.0186,0.0,0.0,0.0,0.0,0.0766,0.0218,0.0636,0.0,0.0,0.0,0.0,0.0015,0.0406,0.0,0.0,0.0,0.0,0.0093,0.0,0.0,0.0,0.0171,0.0,0.0,0.0,0.0,0.0,0.0,0.0198,0.031,0.006,0.0049,0.0,0.0,0.0,0.0229,0.0,0.0,0.0,0.0,0.0199,0.0119,0.0102,0.0,0.0051,0.0035,0.0173,0.0,0.0099,0.0,0.0,0.0119,0.0,0.0,0.0,0.0,0.0,0.004,0.0506,0.0,0.0596,0.0,0.0021,0.0,0.0066,0.0,0.0,0.0,0.0,0.0
3413,0.0,0.0013,0.0,0.0,0.0,0.0,1.0,0.0,0.0,0.1595,0.0,0.0,0.0,0.0505,0.0159,0.0,0.0502,0.0,0.0,0.0,0.0,0.0,0.0,0.0,0.0185,0.0,0.0,0.0,0.1287,0.0,0.0,0.0219,0.004,0.0,0.023,0.0,0.0,0.0087,0.0103,0.0152,0.0,0.0,0.1502,0.0,0.0,0.1404,0.0,0.1343,0.0065,0.1084,0.0,0.0922,0.1351,0.0,0.0998,0.0,0.0376,0.0,0.0028,0.0299,0.0,0.1307,0.0,0.0557,0.0178,0.1179,0.0,0.0,0.0,0.0,0.0392,0.0,0.0,0.0171,0.0887,0.1769,0.0016,0.0,0.0,0.0,0.0277,0.0,0.0038,0.0,0.0,0.0,0.0,0.0124,0.013000000000000001,0.0356,0.0054,0.0,0.0,0.0,0.0215,0.0279,0.0,0.0259,0.0,0.0,0.0,0.0,0.0,0.0,0.0,0.0071,0.0,0.0,0.0015,0.0,0.0,0.0282,0.008,0.0,0.0,0.0255,0.0225,0.0,0.0,0.0,0.0,0.0,0.0093,0.0201,0.0,0.0,0.0004,0.0,0.0971,0.0,0.0,0.0,0.0022,0.0029,0.0,0.0,0.0077,0.0,0.0536,0.0116,0.0035,0.0,0.0
13700,0.0046,0.0013,0.0128,0.0114,0.0549,0.0503,0.0,1.0,0.0168,0.0,0.0,0.0227,0.05,0.0355,0.0,0.0408,0.0,0.0,0.0004,0.0459,0.0,0.0036,0.0,0.0,0.0541,0.0,0.0,0.0,0.0,0.0349,0.0167,0.0309,0.0682,0.0293,0.0176,0.0113,0.0066,0.0407,0.0,0.0258,0.022000000000000002,0.106,0.0,0.0557,0.0072,0.005,0.0152,0.0,0.0,0.0079,0.0084,0.0,0.0027,0.0178,0.0,0.0461,0.0664,0.0283,0.0084,0.0189,0.1314,0.0,0.0293,0.0,0.0,0.0,0.0075,0.0,0.0141,0.0435,0.0,0.0464,0.0479,0.0,0.0,0.0,0.0,0.0964,0.0,0.012,0.0197,0.002,0.0149,0.0,0.0029,0.0438,0.0,0.0528,0.0196,0.0207,0.0,0.0367,0.0104,0.0261,0.0,0.0224,0.0474,0.0687,0.0274,0.0,0.0194,0.0,0.0019,0.0343,0.0087,0.0,0.0,0.0201,0.0518,0.0055,0.01,0.0,0.0,0.0524,0.0092,0.0341,0.0,0.0103,0.0379,0.0212,0.0103,0.0597,0.0246,0.0,0.068,0.0663,0.0315,0.0,0.0069,0.0001,0.0325,0.0628,0.0569,0.0523,0.0,0.0001,0.0398,0.0257,0.0,0.0,0.0,0.0248,0.0
14225,0.0319,0.0,0.0021,0.0,0.0,0.0126,0.0,0.0168,1.0,0.0,0.0,0.0,0.0181,0.0,0.0,0.0071,0.0009,0.0,0.0305,0.0,0.0,0.0075,0.0337,0.0,0.0,0.0121,0.0,0.0,0.0,0.0047,0.0,0.0,0.0,0.0,0.0,0.0,0.0,0.0,0.0376,0.0,0.0,0.0312,0.0,0.004,0.0002,0.0,0.003,0.0,0.0,0.0,0.0,0.0,0.0175,0.0,0.0,0.0,0.0056,0.011000000000000001,0.0188,0.0,0.0,0.0,0.0021,0.0019,0.0,0.0,0.0098,0.0,0.0229,0.0,0.0,0.0,0.0,0.0,0.0016,0.0199,0.0,0.0,0.0,0.0,0.0,0.0116,0.0,0.0099,0.0,0.0137,0.0,0.0304,0.0,0.0,0.1179,0.0,0.0059,0.0405,0.0,0.0215,0.0027,0.0,0.0,0.0,0.0,0.0,0.0222,0.0,0.0,0.0304,0.0,0.0021,0.0291,0.0039,0.0,0.0007,0.0,0.0297,0.0,0.004,0.0,0.0293,0.0313,0.0,0.0,0.0,0.0067,0.0209,0.006,0.0015,0.0,0.0,0.0085,0.0,0.0,0.0139,0.0,0.0001,0.0,0.0317,0.0303,0.0,0.0,0.0,0.0852,0.0305,0.0439
3897,0.0,0.0,0.0016,0.0,0.0,0.0,0.1595,0.0,0.0,1.0,0.0,0.0,0.0112,0.039,0.0171,0.0,0.0123,0.0,0.0,0.0,0.0,0.0,0.0,0.0,0.0,0.0,0.0,0.0,0.1349,0.0129,0.0,0.0187,0.0053,0.0,0.0,0.0,0.0,0.0,0.0009,0.0,0.0,0.0158,0.1289,0.0,0.0,0.1998,0.0,0.1676,0.0,0.1728,0.0,0.0533,0.1692,0.0,0.0585,0.0319,0.0574,0.0089,0.0,0.0,0.0,0.16699999999999998,0.0,0.0,0.0452,0.1319,0.0,0.0042,0.0,0.0,0.0195,0.0,0.0,0.0066,0.057,0.0759,0.0,0.0,0.0,0.0,0.0,0.0526,0.0333,0.0,0.0,0.0,0.0,0.0,0.0,0.0269,0.0,0.0,0.0,0.0089,0.0237,0.0096,0.0,0.0,0.0,0.0,0.0,0.0061,0.0,0.0,0.0,0.0211,0.0,0.0,0.0,0.0,0.0,0.0,0.0142,0.0,0.0,0.0,0.0,0.0,0.0,0.0,0.0,0.0,0.0043,0.0,0.0,0.0086,0.0053,0.0165,0.1216,0.0105,0.0,0.0059,0.0,0.0,0.01,0.0,0.0,0.0,0.0111,0.0105,0.0,0.0,0.0
4199,0.0,0.0,0.0,0.0,0.0,0.0334,0.0,0.0,0.0,0.0,1.0,0.0,0.013999999999999999,0.0547,0.0,0.0,0.0148,0.0038,0.0,0.0,0.0,0.0,0.0609,0.0,0.0,0.008,0.0073,0.0145,0.0214,0.0553,0.0,0.0,0.0,0.0537,0.0,0.0075,0.0134,0.0,0.0848,0.0,0.0522,0.0829,0.0,0.0072,0.0,0.0029,0.0,0.0189,0.0485,0.0043,0.0273,0.0,0.0569,0.0139,0.0,0.0045,0.043,0.0834,0.0,0.0262,0.0,0.0127,0.0,0.0034,0.0062,0.0,0.0143,0.0,0.0,0.0021,0.0005,0.0091,0.0,0.0,0.0,0.0131,0.0,0.0009,0.0,0.0,0.1514,0.0173,0.0,0.0513,0.0,0.0,0.1057,0.027000000000000003,0.0,0.0,0.0422,0.0,0.0,0.0,0.0129,0.0,0.0,0.0615,0.0,0.0067,0.0,0.0,0.0,0.0,0.0,0.0,0.0,0.0517,0.023,0.0,0.0,0.0,0.0423,0.0,0.0,0.0199,0.0071,0.1188,0.0729,0.0,0.0,0.0104,0.0137,0.0349,0.0072,0.0,0.0124,0.0219,0.0,0.0305,0.0,0.0,0.0,0.0,0.0,0.0,0.0637,0.0212,0.0044,0.0054,0.0,0.0,0.0
17120,0.0,0.0675,0.0,0.1103,0.0103,0.0,0.0,0.0227,0.0,0.0,0.0,1.0,0.0,0.0074,0.2613,0.0,0.0,0.0,0.0,0.0283,0.0,0.0,0.0,0.0,0.0,0.0,0.0,0.0228,0.0,0.0069,0.0,0.0,0.0165,0.0089,0.0,0.0154,0.0,0.0175,0.0,0.0,0.0,0.0,0.0,0.0,0.0,0.0,0.040999999999999995,0.0144,0.0,0.0438,0.0124,0.0,0.0063,0.0,0.0,0.076,0.0259,0.0,0.0,0.0,0.0247,0.0,0.0,0.0,0.0,0.0,0.0,0.2397,0.0,0.0,0.0,0.0154,0.1246,0.0,0.0134,0.0,0.0363,0.0,0.0,0.0,0.0,0.0,0.2451,0.0,0.0,0.0052,0.0,0.0,0.0,0.0,0.0,0.0,0.0145,0.02,0.0,0.081,0.1291,0.0,0.0144,0.0,0.0,0.0099,0.0,0.0059,0.0,0.0228,0.0,0.0,0.0,0.0536,0.2565,0.0182,0.0054,0.0,0.0,0.0,0.2116,0.0052,0.0,0.0,0.0,0.0,0.0,0.0,0.0,0.052000000000000005,0.0168,0.048,0.0139,0.2888,0.0,0.1114,0.1138,0.0,0.0653,0.0188,0.0,0.0,0.0362,0.205,0.0,0.0194,0.0801
5046,0.0436,0.0,0.0,0.0184,0.0418,0.0,0.0,0.05,0.0181,0.0112,0.013999999999999999,0.0,1.0,0.0788,0.0,0.0392,0.0093,0.0,0.0257,0.0151,0.0,0.0193,0.0304,0.027999999999999997,0.0,0.0,0.0,0.0,0.0177,0.0355,0.0,0.0208,0.0311,0.136,0.0,0.0,0.0,0.0064,0.0206,0.0,0.0117,0.0565,0.0108,0.0243,0.0,0.0,0.0266,0.0088,0.1068,0.0236,0.0418,0.0,0.0199,0.2438,0.0,0.0,0.043,0.0539,0.0168,0.0,0.0141,0.0,0.0182,0.0,0.0346,0.0,0.0,0.0,0.0,0.0,0.0,0.0,0.0,0.0,0.0161,0.0,0.0091,0.0259,0.0,0.0,0.0467,0.0146,0.009000000000000001,0.0,0.0,0.0333,0.0269,0.0099,0.0156,0.0111,0.017,0.0344,0.0154,0.0083,0.027999999999999997,0.0082,0.0187,0.0675,0.0,0.0375,0.0,0.0,0.0328,0.0031,0.0413,0.0,0.0007,0.0,0.0427,0.0,0.0,0.0,0.0426,0.0408,0.0326,0.013000000000000001,0.0,0.0,0.0612,0.0215,0.0,0.0,0.0578,0.0313,0.0119,0.002,0.0,0.0,0.0276,0.0,0.0338,0.0,0.006,0.0049,0.0013,0.0,0.0351,0.0,0.0081,0.0,0.0301,0.0196,0.013999999999999999
5047,0.0387,0.0046,0.0,0.0563,0.0123,0.0,0.0505,0.0355,0.0,0.039,0.0547,0.0074,0.0788,1.0,0.0112,0.0189,0.0,0.0,0.0209,0.0067,0.0047,0.0366,0.0281,0.0225,0.0,0.0,0.0,0.0,0.0122,0.0872,0.0,0.0291,0.0218,0.0658,0.0103,0.0253,0.0,0.0037,0.1314,0.0,0.0554,0.0589,0.0641,0.051,0.0026,0.0369,0.0191,0.0573,0.1065,0.0467,0.0436,0.0,0.0545,0.0653,0.0181,0.0284,0.0418,0.1334,0.0494,0.0,0.026000000000000002,0.0426,0.0438,0.0117,0.0225,0.0029,0.0,0.0,0.0,0.0,0.0,0.0,0.0128,0.018000000000000002,0.0012,0.0368,0.0187,0.0314,0.0,0.0,0.1271,0.0293,0.0,0.0236,0.0,0.0172,0.0738,0.011000000000000001,0.0341,0.0086,0.0444,0.0243,0.0275,0.0,0.0258,0.0241,0.0402,0.0936,0.0018,0.0655,0.0083,0.0117,0.0086,0.0169,0.0058,0.0,0.0,0.0102,0.0306,0.0,0.0063,0.0,0.0147,0.0378,0.017,0.0068,0.0,0.059000000000000004,0.045,0.0093,0.0069,0.0243,0.0981,0.0289,0.0093,0.0081,0.0215,0.0023,0.035,0.0101,0.0567,0.0229,0.0323,0.0022,0.0097,0.0,0.0569,0.0156,0.0169,0.0033,0.013000000000000001,0.008,0.0301
16245,0.0,0.0494,0.0,0.0588,0.0,0.0,0.0159,0.0,0.0,0.0171,0.0,0.2613,0.0,0.0112,1.0,0.0,0.0,0.0,0.0,0.0227,0.0,0.0,0.0,0.0,0.0,0.0,0.0,0.0,0.0399,0.0029,0.0,0.0,0.0137,0.0,0.0,0.0259,0.0,0.0,0.0,0.0,0.0,0.0,0.0,0.0,0.0,0.0,0.0442,0.0267,0.0,0.0522,0.0,0.0,0.0331,0.0,0.0204,0.0515,0.0287,0.0,0.0,0.0,0.015,0.0,0.0,0.0201,0.0,0.0,0.0,0.2861,0.0,0.0,0.0,0.0,0.1374,0.0,0.0,0.0,0.0114,0.0,0.0,0.0,0.0,0.0,0.2779,0.0,0.0,0.0,0.0,0.0,0.0,0.0,0.0,0.0,0.0,0.0,0.0,0.0793,0.1085,0.0,0.0,0.0,0.0,0.0589,0.0,0.0,0.0,0.038,0.0,0.0,0.0,0.0328,0.2676,0.0,0.0059,0.0,0.0,0.0,0.1969,0.0,0.0,0.0,0.0112,0.0,0.0,0.0,0.0,0.0857,0.0,0.0101,0.0182,0.2638,0.0,0.0633,0.1363,0.0,0.0789,0.0,0.0,0.0,0.0206,0.2216,0.0,0.0,0.0829
6066,0.1639,0.0267,0.0,0.0459,0.0648,0.0189,0.0,0.0408,0.0071,0.0,0.0,0.0,0.0392,0.0189,0.0,1.0,0.0,0.0,0.0,0.0,0.0309,0.0615,0.0,0.0523,0.0,0.0,0.0,0.0166,0.0,0.0202,0.0029,0.0,0.0,0.0,0.0,0.0,0.0942,0.0075,0.0266,0.0,0.0382,0.0,0.0,0.0366,0.0,0.0155,0.0176,0.0,0.0004,0.0,0.008,0.0,0.0,0.0384,0.0163,0.06,0.003,0.0268,0.0,0.0161,0.03,0.0,0.0249,0.0,0.0,0.0,0.0,0.0,0.0,0.0,0.0,0.0283,0.0199,0.0,0.0,0.0,0.0033,0.044000000000000004,0.0,0.0437,0.0183,0.0,0.0,0.0,0.0071,0.0366,0.0,0.0153,0.0493,0.0,0.0,0.0335,0.0501,0.0,0.0,0.0383,0.0,0.0315,0.015,0.0532,0.0,0.0399,0.0,0.0,0.0,0.0,0.0,0.0116,0.0255,0.0293,0.0219,0.0,0.0,0.0506,0.0888,0.0079,0.0006,0.0061,0.049,0.0633,0.0228,0.0,0.0489,0.0,0.0202,0.0247,0.0,0.0,0.0,0.0,0.1187,0.0016,0.0192,0.052000000000000005,0.0243,0.0,0.0255,0.0,0.0,0.0,0.042,0.0075,0.0755
6335,0.0,0.0,0.0582,0.0,0.0,0.0,0.0502,0.0,0.0009,0.0123,0.0148,0.0,0.0093,0.0,0.0,0.0,1.0,0.0012,0.0,0.0,0.0,0.0,0.1081,0.0,0.0,0.0,0.013000000000000001,0.0,0.0334,0.0,0.0155,0.0384,0.0,0.0,0.0,0.0084,0.0465,0.0,0.0279,0.0,0.0,0.035,0.0307,0.0008,0.0,0.0378,0.0,0.054000000000000006,0.0,0.0367,0.0162,0.003,0.0997,0.0,0.0392,0.0194,0.0,0.0166,0.0,0.0,0.0,0.0306,0.0519,0.0,0.0517,0.0384,0.0,0.0,0.0418,0.0686,0.0,0.0,0.0,0.0,0.0739,0.0397,0.0423,0.0,0.0181,0.0266,0.0144,0.0465,0.0,0.0218,0.0,0.0,0.0,0.0342,0.0019,0.0281,0.0369,0.0,0.0,0.0052,0.2519,0.0,0.0,0.0248,0.0,0.0,0.0487,0.0,0.0,0.0,0.0,0.0057,0.0059,0.0005,0.0052,0.0,0.0,0.0,0.0929,0.0,0.0,0.0,0.0,0.0368,0.0129,0.0013,0.0,0.0,0.0006,0.125,0.0028,0.0,0.1126,0.0,0.0194,0.0,0.0,0.0,0.0,0.0,0.0,0.0,0.013999999999999999,0.0,0.0468,0.0,0.0,0.0336,0.0
8479,0.0,0.0,0.0701,0.0,0.0,0.1276,0.0,0.0,0.0,0.0,0.0038,0.0,0.0,0.0,0.0,0.0,0.0012,1.0,0.0,0.0,0.0,0.0,0.0,0.0102,0.0855,0.0471,0.0,0.0307,0.0,0.0,0.0364,0.0239,0.0,0.0,0.0053,0.0113,0.0171,0.0131,0.0,0.0191,0.0,0.0,0.0,0.0,0.0,0.0,0.0,0.0,0.0,0.0,0.0,0.0146,0.0,0.0,0.0168,0.0,0.0,0.0233,0.0,0.1179,0.0,0.0128,0.0,0.0,0.0,0.0,0.0,0.0,0.0,0.0,0.0,0.0106,0.0,0.0,0.0,0.0,0.0,0.0066,0.0,0.0415,0.0,0.0,0.0,0.0153,0.0512,0.0002,0.0119,0.0,0.0,0.0314,0.0,0.0,0.0,0.0,0.0473,0.0,0.0,0.0048,0.0116,0.0,0.0332,0.0014,0.0,0.0146,0.001,0.0,0.0855,0.0082,0.0891,0.0,0.0,0.0,0.0,0.0,0.0113,0.0037,0.0,0.004,0.0006,0.0196,0.0,0.0142,0.0126,0.0,0.0222,0.0,0.0,0.0,0.0,0.0,0.0,0.0,0.0,0.0242,0.0,0.0,0.0,0.001,0.0,0.0,0.0,0.0,0.0
8551,0.0333,0.0,0.0,0.0,0.0,0.0,0.0,0.0004,0.0305,0.0,0.0,0.0,0.0257,0.0209,0.0,0.0,0.0,0.0,1.0,0.005,0.0,0.0248,0.0,0.0394,0.0159,0.0356,0.0,0.0,0.0,0.0,0.0,0.0,0.0203,0.0,0.0,0.0,0.0065,0.0,0.0,0.0,0.0101,0.0,0.0,0.0064,0.0016,0.0,0.0008,0.0,0.0,0.0,0.0,0.0,0.0,0.0022,0.0,0.0158,0.0062,0.0,0.0655,0.0187,0.0,0.0,0.0,0.0185,0.0,0.0,0.006,0.0,0.0,0.0,0.0,0.0013,0.0,0.0,0.0,0.0,0.0,0.0,0.0,0.0049,0.0,0.0,0.0,0.0,0.0048,0.2437,0.0,0.028999999999999998,0.0,0.0276,0.0434,0.0127,0.0,0.0,0.0,0.0035,0.0,0.0139,0.0,0.0,0.0,0.0148,0.0,0.0539,0.04,0.0199,0.0,0.0,0.0,0.0,0.0,0.016,0.0,0.0635,0.0354,0.0172,0.0,0.0,0.027999999999999997,0.0293,0.0,0.0,0.0024,0.0,0.0,0.0,0.0,0.0,0.0,0.0,0.0,0.0,0.0,0.0188,0.0037,0.0038,0.0016,0.0,0.0,0.0,0.087,0.0093,0.0
1602,0.0,0.0079,0.0,0.0145,0.0361,0.0,0.0,0.0459,0.0,0.0,0.0,0.0283,0.0151,0.0067,0.0227,0.0,0.0,0.0,0.005,1.0,0.0,0.0,0.0,0.0059,0.0,0.0,0.0,0.0002,0.0089,0.0005,0.0,0.026000000000000002,0.2015,0.0073,0.1207,0.0,0.0,0.1508,0.0,0.13699999999999998,0.0195,0.0035,0.0111,0.0,0.1219,0.0112,0.0069,0.018000000000000002,0.0,0.0387,0.0123,0.0,0.0135,0.0151,0.0166,0.0379,0.0455,0.0,0.0141,0.0,0.1194,0.0,0.0347,0.0,0.0,0.0257,0.0,0.0,0.0,0.0,0.0123,0.0,0.0281,0.0115,0.0,0.0,0.0319,0.0889,0.0,0.0079,0.0,0.0,0.0018,0.0,0.0,0.0116,0.0,0.0,0.0314,0.0172,0.0,0.0094,0.0116,0.0468,0.0,0.0312,0.0106,0.0,0.1451,0.0052,0.0,0.0,0.0,0.0029,0.0032,0.0,0.0,0.0,0.0,0.0228,0.0233,0.0,0.0148,0.0473,0.0171,0.0,0.0018,0.0,0.0,0.0,0.0,0.0528,0.0367,0.0,0.0527,0.0968,0.0,0.0,0.0312,0.0135,0.0045,0.0167,0.0,0.0276,0.0609,0.0,0.0,0.1047,0.0239,0.0,0.0,0.0107,0.0068
9465,0.0277,0.0,0.0,0.0,0.003,0.0325,0.0,0.0,0.0,0.0,0.0,0.0,0.0,0.0047,0.0,0.0309,0.0,0.0,0.0,0.0,1.0,0.0,0.0083,0.0021,0.0167,0.0,0.0,0.0235,0.0206,0.0,0.0166,0.0377,0.0,0.0,0.0,0.0294,0.0225,0.0,0.0,0.0,0.0,0.0029,0.0024,0.0,0.0,0.033,0.0,0.0,0.0188,0.0,0.1226,0.0,0.0,0.0075,0.0054,0.0,0.0,0.0,0.0,0.0,0.0,0.0,0.0,0.0,0.0,0.0001,0.0,0.0,0.013999999999999999,0.02,0.0,0.0,0.0,0.0,0.0204,0.0224,0.0518,0.0,0.0,0.0,0.0178,0.0,0.0,0.0,0.0,0.0098,0.0053,0.0105,0.0,0.0,0.0,0.0486,0.0061,0.0,0.0446,0.0,0.0,0.0244,0.0,0.0,0.0045,0.0021,0.0,0.0,0.0,0.0,0.004,0.0,0.0,0.0,0.0,0.0,0.0,0.0,0.0,0.0117,0.0062,0.0,0.0,0.0198,0.0,0.0,0.0089,0.0231,0.0,0.0,0.0,0.0051,0.0024,0.0,0.0121,0.0,0.0,0.0,0.0,0.0103,0.0,0.0,0.0323,0.0,0.0,0.0073,0.0
1690,0.1216,0.0,0.0,0.0333,0.027000000000000003,0.0011,0.0,0.0036,0.0075,0.0,0.0,0.0,0.0193,0.0366,0.0,0.0615,0.0,0.0,0.0248,0.0,0.0,1.0,0.0,0.0,0.0,0.0,0.0,0.0,0.0,0.0084,0.0,0.0036,0.0069,0.0059,0.0,0.0074,0.0,0.0092,0.0315,0.0,0.0,0.0159,0.0,0.0362,0.0,0.0,0.0066,0.0,0.0,0.0,0.0,0.0,0.0,0.0,0.0,0.0,0.0262,0.0379,0.0564,0.01,0.0,0.0,0.0,0.0,0.0,0.0,0.0,0.0,0.0,0.0,0.0,0.002,0.0015,0.0,0.0,0.0,0.0,0.0055,0.0,0.0,0.0091,0.0,0.0,0.0029,0.0,0.0,0.0208,0.0396,0.0,0.0,0.0044,0.0872,0.0332,0.0,0.0,0.0212,0.0,0.0309,0.0,0.0,0.0,0.0087,0.0004,0.0532,0.0033,0.0,0.0,0.0,0.0189,0.0046,0.0,0.0,0.0,0.0431,0.0,0.0208,0.0,0.0,0.0334,0.022000000000000002,0.0,0.0,0.0531,0.0,0.0233,0.0,0.0,0.0,0.0,0.0,0.1554,0.0119,0.0,0.0,0.0,0.0,0.0047,0.0,0.0,0.0,0.07400000000000001,0.0007,0.0636
11228,0.0,0.0,0.0084,0.0,0.0,0.0,0.0,0.0,0.0337,0.0,0.0609,0.0,0.0304,0.0281,0.0,0.0,0.1081,0.0,0.0,0.0,0.0083,0.0,1.0,0.0,0.0028,0.0015,0.001,0.0348,0.0,0.08,0.0,0.0,0.0,0.0021,0.0,0.0071,0.0442,0.0,0.0332,0.0,0.0362,0.0487,0.0,0.0,0.0,0.0,0.0034,0.0781,0.0188,0.0,0.0393,0.0,0.0,0.0416,0.0542,0.0016,0.032,0.0327,0.0011,0.0,0.0,0.0,0.0516,0.0096,0.0051,0.1043,0.0,0.0,0.0385,0.0669,0.0025,0.0,0.0,0.0,0.065,0.0832,0.0247,0.001,0.0,0.0142,0.0498,0.0262,0.0247,0.0,0.0,0.0,0.0136,0.0111,0.0,0.0,0.0678,0.0,0.0,0.0534,0.1271,0.0,0.0,0.0,0.0,0.0,0.0,0.0,0.0,0.0,0.0,0.0275,0.0079,0.0091,0.034,0.0,0.0,0.0142,0.013999999999999999,0.0,0.0,0.0049,0.0,0.0332,0.0039,0.0,0.0,0.0,0.016,0.0977,0.0,0.0,0.033,0.0357,0.0,0.0,0.0,0.0,0.0012,0.0326,0.0092,0.0308,0.0134,0.0,0.0238,0.0,0.0023,0.0093,0.0
10499,0.0723,0.0,0.0,0.0,0.0,0.0016,0.0,0.0,0.0,0.0,0.0,0.0,0.027999999999999997,0.0225,0.0,0.0523,0.0,0.0102,0.0394,0.0059,0.0021,0.0,0.0,1.0,0.0136,0.0,0.0,0.0,0.0,0.0,0.0039,0.0246,0.0,0.0,0.0,0.0,0.0059,0.0,0.0619,0.0,0.07400000000000001,0.0129,0.0,0.0669,0.0,0.0298,0.0,0.0059,0.0,0.0,0.0,0.0,0.0,0.0174,0.0561,0.0182,0.003,0.067,0.0423,0.0,0.0,0.0,0.0202,0.0,0.0,0.0,0.0,0.0,0.0,0.0,0.0,0.0085,0.0031,0.0,0.0,0.0,0.0,0.019,0.0,0.0011,0.0308,0.0,0.0,0.0,0.0012,0.0229,0.0145,0.0122,0.0,0.0,0.0187,0.0908,0.048,0.0,0.0,0.0,0.0,0.0358,0.0111,0.1558,0.0,0.0,0.0,0.0077,0.0,0.0,0.0132,0.0,0.0418,0.0152,0.0,0.0,0.0,0.0459,0.1813,0.0318,0.0,0.0001,0.055999999999999994,0.0233,0.0263,0.0477,0.0435,0.0,0.0209,0.0,0.0,0.0,0.0,0.0,0.0,0.0,0.0,0.0,0.0,0.0,0.0427,0.0048,0.0,0.0,0.0171,0.0,0.0117
5597,0.0085,0.0,0.0565,0.0,0.0,0.0474,0.0185,0.0541,0.0,0.0,0.0,0.0,0.0,0.0,0.0,0.0,0.0,0.0855,0.0159,0.0,0.0167,0.0,0.0028,0.0136,1.0,0.0262,0.0242,0.033,0.0,0.0,0.0323,0.0193,0.0011,0.0,0.0001,0.0,0.013999999999999999,0.0056,0.0,0.0032,0.0,0.038,0.0,0.0,0.0169,0.0,0.0,0.0021,0.0,0.0,0.0,0.026000000000000002,0.0,0.0,0.0007,0.0,0.0063,0.0073,0.0123,0.0,0.0114,0.0,0.0063,0.0169,0.0,0.0,0.0,0.0,0.0,0.0319,0.0,0.0451,0.0054,0.0,0.0,0.0,0.0,0.0289,0.0,0.0421,0.0,0.0,0.0,0.0,0.0388,0.0381,0.0,0.0,0.0048,0.0065,0.0506,0.0007,0.0,0.0,0.0286,0.0,0.0,0.0,0.0141,0.0,0.0093,0.0,0.0306,0.0417,0.0118,0.0,0.0,0.0032,0.013000000000000001,0.0,0.0,0.0,0.0,0.0086,0.0077,0.0242,0.0,0.0,0.0,0.0178,0.0,0.0,0.0063,0.0,0.0317,0.0,0.0,0.0,0.0092,0.0,0.0258,0.0068,0.0,0.0257,0.0,0.0,0.0,0.0,0.0,0.0,0.0012,0.0141,0.0
6502,0.0,0.0,0.0395,0.0,0.0114,0.0095,0.0,0.0,0.0121,0.0,0.008,0.0,0.0,0.0,0.0,0.0,0.0,0.0471,0.0356,0.0,0.0,0.0,0.0015,0.0,0.0262,1.0,0.0074,0.078,0.0,0.0,0.0103,0.0,0.0,0.0,0.0,0.0,0.006,0.0,0.0028,0.0,0.0,0.0,0.0,0.0,0.0,0.0,0.0,0.0,0.0,0.0,0.0,0.0412,0.0,0.0,0.0,0.0,0.0,0.0061,0.0283,0.0376,0.0,0.0,0.0,0.0034,0.0156,0.0,0.0,0.0,0.0,0.0,0.0,0.0,0.0,0.0,0.0,0.0174,0.0,0.0,0.0,0.0294,0.0,0.0,0.0,0.0,0.0126,0.0158,0.0,0.011000000000000001,0.0,0.0,0.0132,0.0,0.0,0.0,0.0406,0.0,0.0,0.0,0.0,0.0,0.0821,0.0,0.0,0.0011,0.0,0.0,0.0423,0.0,0.0,0.0,0.0,0.0664,0.0121,0.0038,0.0,0.0,0.0,0.0,0.0029,0.0472,0.0,0.0,0.0,0.0173,0.0,0.0,0.0111,0.0,0.0,0.0,0.0,0.0,0.0016,0.0295,0.0,0.0284,0.0,0.0,0.0,0.0,0.0555,0.0,0.0
6435,0.0,0.0,0.0002,0.0,0.0,0.0,0.0,0.0,0.0,0.0,0.0073,0.0,0.0,0.0,0.0,0.0,0.013000000000000001,0.0,0.0,0.0,0.0,0.0,0.001,0.0,0.0242,0.0074,1.0,0.0511,0.0,0.0,0.0,0.0281,0.0,0.0,0.0,0.0,0.0,0.0,0.0149,0.0193,0.0031,0.0357,0.0,0.0219,0.0,0.0,0.0,0.0,0.0,0.0,0.0,0.0,0.0,0.0,0.0,0.0,0.0,0.0,0.0,0.0137,0.0,0.0,0.0,0.0,0.0,0.0,0.0,0.0,0.0,0.0047,0.0,0.0038,0.0,0.0,0.0,0.0,0.0,0.0,0.0914,0.0,0.0162,0.0132,0.0,0.0,0.0118,0.0138,0.0,0.0,0.0,0.0227,0.036000000000000004,0.0,0.0,0.0,0.0017,0.0,0.0,0.0,0.0,0.0,0.0671,0.0019,0.0,0.0149,0.0,0.0,0.0182,0.0,0.0247,0.0,0.0,0.0,0.0,0.0,0.0,0.0,0.0,0.0,0.0147,0.0366,0.0,0.0,0.0,0.004,0.0058,0.0,0.0,0.0,0.0,0.0,0.0,0.0,0.0,0.0057,0.0,0.0,0.0,0.0,0.0,0.0,0.0011,0.0,0.0
8762,0.0,0.0,0.0222,0.0,0.0,0.0692,0.0,0.0,0.0,0.0,0.0145,0.0228,0.0,0.0,0.0,0.0166,0.0,0.0307,0.0,0.0002,0.0235,0.0,0.0348,0.0,0.033,0.078,0.0511,1.0,0.0,0.0,0.0511,0.0555,0.0045,0.0,0.0,0.0,0.0291,0.0,0.0217,0.0018,0.0,0.0276,0.0121,0.0128,0.0,0.0295,0.0,0.0,0.0,0.0065,0.0328,0.0143,0.0077,0.0051,0.0055,0.0374,0.0,0.0053,0.0,0.0479,0.0,0.0,0.0391,0.0174,0.0001,0.0061,0.0029,0.0,0.0,0.0429,0.0,0.0382,0.0,0.0,0.0249,0.0292,0.0,0.0172,0.0,0.0,0.0,0.0,0.0116,0.0,0.0,0.0489,0.0,0.0409,0.0,0.0465,0.0,0.0,0.0016,0.0,0.0148,0.0,0.0244,0.0,0.0,0.0,0.0019,0.0,0.0,0.0,0.0,0.0,0.039,0.0,0.0021,0.0,0.006999999999999999,0.0189,0.0,0.0068,0.0,0.0,0.0,0.0,0.026000000000000002,0.08900000000000001,0.0,0.0,0.0027,0.0012,0.0084,0.0,0.0,0.0006,0.0016,0.048,0.0,0.0305,0.0,0.0433,0.0,0.0163,0.0029,0.0,0.0,0.0,0.0,0.0124,0.0
9850,0.0,0.0,0.0,0.0,0.0,0.0,0.1287,0.0,0.0,0.1349,0.0214,0.0,0.0177,0.0122,0.0399,0.0,0.0334,0.0,0.0,0.0089,0.0206,0.0,0.0,0.0,0.0,0.0,0.0,0.0,1.0,0.0126,0.0,0.0209,0.0016,0.0,0.0,0.0087,0.0,0.0,0.0,0.0,0.0,0.0093,0.142,0.0,0.0,0.1373,0.0144,0.1391,0.0129,0.1313,0.0019,0.0495,0.1523,0.0,0.0658,0.0,0.059000000000000004,0.0,0.0078,0.0,0.0,0.1331,0.0,0.0239,0.0216,0.1191,0.0,0.0087,0.0028,0.0,0.0022,0.0,0.0168,0.0,0.1051,0.0683,0.0338,0.0,0.0,0.0,0.0123,0.0202,0.03,0.0,0.0,0.0,0.0,0.0,0.0092,0.0,0.0183,0.0,0.0,0.0,0.0607,0.0207,0.0,0.0281,0.0,0.0,0.0071,0.0036,0.0,0.0,0.0,0.0134,0.0,0.0,0.0,0.0059,0.0207,0.0,0.0395,0.0163,0.0123,0.0,0.0047,0.0,0.0,0.0,0.0,0.0,0.0047,0.0,0.0,0.0016,0.0204,0.0081,0.0985,0.0142,0.0,0.0,0.0391,0.0257,0.0231,0.0092,0.0,0.0,0.0647,0.0143,0.0,0.0061,0.0
2817,0.0201,0.0048,0.0,0.0277,0.0,0.0018,0.0,0.0349,0.0047,0.0129,0.0553,0.0069,0.0355,0.0872,0.0029,0.0202,0.0,0.0,0.0,0.0005,0.0,0.0084,0.08,0.0,0.0,0.0,0.0,0.0,0.0126,1.0,0.0,0.0082,0.0092,0.0377,0.0,0.009000000000000001,0.0,0.006,0.0328,0.0,0.0042,0.0552,0.0331,0.0102,0.0043,0.0269,0.0508,0.0211,0.0377,0.0242,0.0399,0.0,0.0025,0.0139,0.0068,0.0576,0.099,0.0543,0.0,0.0123,0.0159,0.0,0.033,0.0162,0.0063,0.0278,0.0065,0.0143,0.0,0.0,0.0,0.0,0.0362,0.05,0.022000000000000002,0.0,0.0164,0.0107,0.0,0.0,0.0415,0.0569,0.0266,0.0073,0.0,0.0197,0.042,0.0091,0.0569,0.0,0.0535,0.0,0.0,0.0508,0.0068,0.0295,0.0549,0.0249,0.0,0.0036,0.0,0.0244,0.0023,0.0,0.0,0.0,0.002,0.0,0.0191,0.0571,0.0454,0.0,0.0174,0.0523,0.0213,0.0768,0.0097,0.0705,0.0616,0.0031,0.0,0.0,0.0169,0.0449,0.0082,0.0473,0.0,0.0683,0.0072,0.0517,0.0356,0.0809,0.0276,0.0114,0.0576,0.0,0.06,0.0,0.0061,0.0336,0.0304,0.023,0.0095
3170,0.0,0.0,0.0599,0.0,0.0,0.0993,0.0,0.0167,0.0,0.0,0.0,0.0,0.0,0.0,0.0,0.0029,0.0155,0.0364,0.0,0.0,0.0166,0.0,0.0,0.0039,0.0323,0.0103,0.0,0.0511,0.0,0.0,1.0,0.0645,0.0037,0.0,0.0196,0.0013,0.0,0.0,0.0,0.0147,0.0,0.0195,0.0,0.026000000000000002,0.0321,0.0,0.0,0.0,0.0,0.0,0.0,0.0,0.0,0.0,0.0,0.0,0.0,0.0026,0.0,0.0496,0.0435,0.0,0.0182,0.0,0.0,0.0,0.0236,0.0,0.0,0.0219,0.0,0.0,0.0,0.0,0.0,0.0,0.0,0.0375,0.0,0.0386,0.0,0.0,0.0,0.0149,0.0018,0.0058,0.0,0.0403,0.0,0.055,0.0,0.0,0.0,0.0,0.0207,0.0,0.0,0.0179,0.0062,0.0,0.0306,0.0,0.0052,0.0267,0.0063,0.0,0.0613,0.0,0.0152,0.0,0.0,0.0,0.0,0.0,0.0,0.0,0.0,0.0,0.0284,0.0147,0.0,0.0117,0.0052,0.0,0.0,0.0,0.0,0.0,0.0,0.0,0.0,0.0,0.0,0.0166,0.0,0.0,0.0214,0.0014,0.0,0.0,0.0,0.0,0.0
4510,0.0194,0.0,0.0891,0.0,0.0105,0.0,0.0219,0.0309,0.0,0.0187,0.0,0.0,0.0208,0.0291,0.0,0.0,0.0384,0.0239,0.0,0.026000000000000002,0.0377,0.0036,0.0,0.0246,0.0193,0.0,0.0281,0.0555,0.0209,0.0082,0.0645,1.0,0.0772,0.0061,0.0467,0.0706,0.0319,0.0569,0.0439,0.0458,0.0359,0.1161,0.0452,0.0462,0.0695,0.0269,0.0,0.0264,0.0,0.0288,0.0201,0.0,0.0,0.0,0.0141,0.0111,0.0341,0.0595,0.0,0.0178,0.0382,0.0479,0.0668,0.0,0.0118,0.0087,0.0,0.0,0.0301,0.0686,0.0029,0.002,0.0,0.0,0.051,0.0175,0.0065,0.0439,0.0,0.0828,0.0417,0.0,0.0,0.0115,0.0,0.001,0.0,0.0393,0.0,0.0534,0.0,0.0189,0.0329,0.0,0.105,0.0,0.0089,0.0441,0.0433,0.0084,0.0476,0.0036,0.0,0.0,0.0,0.0,0.0279,0.0,0.0625,0.0,0.0,0.0014,0.0,0.0187,0.0223,0.0,0.0,0.0,0.0582,0.0341,0.0,0.03,0.0605,0.0241,0.0685,0.0217,0.0,0.0,0.0,0.0,0.0398,0.0026,0.0024,0.0992,0.0,0.0,0.0209,0.0111,0.0087,0.0,0.0,0.0031,0.0
2403,0.0068,0.034,0.0138,0.0387,0.0159,0.0,0.004,0.0682,0.0,0.0053,0.0,0.0165,0.0311,0.0218,0.0137,0.0,0.0,0.0,0.0203,0.2015,0.0,0.0069,0.0,0.0,0.0011,0.0,0.0,0.0045,0.0016,0.0092,0.0037,0.0772,1.0,0.0034,0.1531,0.0042,0.0,0.2269,0.0,0.1056,0.0187,0.0717,0.0203,0.0072,0.1621,0.0171,0.0028,0.0251,0.0,0.0671,0.0247,0.0,0.0316,0.0067,0.0025,0.0535,0.0975,0.0097,0.025,0.0,0.1643,0.0,0.0314,0.0,0.0,0.0439,0.0,0.0048,0.0018,0.0,0.0218,0.0039,0.0456,0.0254,0.0,0.0,0.0085,0.1086,0.0,0.0105,0.0,0.0,0.0255,0.0,0.0,0.022000000000000002,0.0,0.0255,0.0421,0.0612,0.0,0.0191,0.011000000000000001,0.0491,0.0,0.0493,0.033,0.0319,0.2101,0.0056,0.0,0.013999999999999999,0.0,0.0255,0.0173,0.0229,0.0,0.0,0.0223,0.0359,0.0438,0.0,0.0079,0.0752,0.0126,0.0,0.0079,0.0,0.0177,0.0,0.0,0.0342,0.0314,0.0,0.0588,0.0859,0.0,0.0127,0.0209,0.0354,0.0085,0.0411,0.0103,0.0447,0.0567,0.0,0.0,0.0594,0.0321,0.0,0.0,0.0262,0.0
2285,0.0,0.0,0.0,0.0075,0.0,0.0,0.0,0.0293,0.0,0.0,0.0537,0.0089,0.136,0.0658,0.0,0.0,0.0,0.0,0.0,0.0073,0.0,0.0059,0.0021,0.0,0.0,0.0,0.0,0.0,0.0,0.0377,0.0,0.0061,0.0034,1.0,0.002,0.0214,0.0,0.0,0.0147,0.0,0.0,0.0776,0.0053,0.0227,0.0,0.0062,0.0,0.0028,0.1128,0.0098,0.0365,0.0,0.0145,0.1718,0.0,0.004,0.0113,0.0179,0.0,0.0,0.0043,0.0213,0.0051,0.0164,0.0608,0.0,0.0,0.0,0.0253,0.0,0.0,0.0,0.0,0.0248,0.0,0.0,0.0364,0.0104,0.0,0.0,0.0411,0.0,0.0,0.0204,0.0,0.0,0.027999999999999997,0.0,0.0,0.0078,0.0063,0.0369,0.0326,0.0019,0.0,0.0,0.0163,0.0324,0.0,0.016,0.0,0.0,0.0,0.0127,0.0,0.0,0.0,0.011000000000000001,0.0933,0.0,0.0,0.0039,0.0611,0.0,0.0,0.0,0.0026,0.0,0.0,0.0,0.0,0.0,0.0246,0.0,0.0,0.0,0.0,0.0015,0.0208,0.0,0.0291,0.0101,0.0,0.0,0.0,0.0,0.0,0.0,0.0247,0.0,0.0,0.0,0.0
1078,0.0078,0.0,0.0078,0.0248,0.0259,0.0,0.023,0.0176,0.0,0.0,0.0,0.0,0.0,0.0103,0.0,0.0,0.0,0.0053,0.0,0.1207,0.0,0.0,0.0,0.0,0.0001,0.0,0.0,0.0,0.0,0.0,0.0196,0.0467,0.1531,0.002,1.0,0.0,0.0,0.1484,0.0,0.1428,0.0139,0.003,0.0,0.0306,0.1266,0.0,0.0,0.0,0.0,0.0,0.0012,0.0,0.0,0.0248,0.0,0.0,0.0,0.0178,0.0,0.0,0.1321,0.0,0.0353,0.0,0.0,0.0,0.0023,0.0,0.0093,0.0,0.0,0.0,0.0,0.0,0.0,0.0,0.0,0.1291,0.0,0.0056,0.0,0.0,0.0,0.0224,0.0,0.0,0.0185,0.0,0.0087,0.0305,0.0005,0.0,0.02,0.031,0.0,0.0,0.0,0.0313,0.1388,0.0087,0.0,0.0,0.0101,0.0046,0.0,0.0,0.0111,0.0,0.0,0.0225,0.0,0.0,0.0,0.0,0.0,0.018000000000000002,0.0,0.0,0.0,0.005,0.0,0.07200000000000001,0.0554,0.0,0.0456,0.0412,0.0,0.0,0.0,0.0,0.0,0.0,0.0,0.0353,0.0025,0.0,0.0078,0.0771,0.0,0.0,0.0,0.0,0.0
7881,0.0,0.0,0.0178,0.0,0.0,0.0,0.0,0.0113,0.0,0.0,0.0075,0.0154,0.0,0.0253,0.0259,0.0,0.0084,0.0113,0.0,0.0,0.0294,0.0074,0.0071,0.0,0.0,0.0,0.0,0.0,0.0087,0.009000000000000001,0.0013,0.0706,0.0042,0.0214,0.0,1.0,0.004,0.0,0.0121,0.0,0.0,0.0492,0.0597,0.0,0.0,0.0,0.0,0.0668,0.0,0.0194,0.0088,0.0,0.0,0.0072,0.0178,0.0593,0.0226,0.0251,0.0,0.0,0.0262,0.0,0.0223,0.0,0.0,0.0306,0.0,0.0197,0.0797,0.0347,0.0,0.0156,0.0067,0.0275,0.0341,0.0392,0.0515,0.0023,0.0471,0.0,0.0242,0.0,0.0,0.0337,0.0,0.0,0.0,0.0,0.0,0.0,0.0,0.0,0.0056,0.0,0.0516,0.0059,0.0472,0.0213,0.0,0.0139,0.0,0.0,0.0,0.0,0.0,0.0139,0.0055,0.0174,0.0319,0.0028,0.0325,0.0,0.0,0.0224,0.0011,0.0,0.0337,0.0,0.0306,0.0,0.0,0.0,0.0068,0.0339,0.0006,0.0,0.0131,0.0,0.0,0.0198,0.0,0.0231,0.0555,0.0064,0.0232,0.012,0.0,0.0,0.0508,0.0311,0.0,0.0133,0.0
6104,0.0466,0.0,0.0188,0.0,0.0,0.0297,0.0,0.0066,0.0,0.0,0.0134,0.0,0.0,0.0,0.0,0.0942,0.0465,0.0171,0.0065,0.0,0.0225,0.0,0.0442,0.0059,0.013999999999999999,0.006,0.0,0.0291,0.0,0.0,0.0,0.0319,0.0,0.0,0.0,0.004,1.0,0.0,0.0,0.0176,0.0566,0.0589,0.0,0.0279,0.0,0.0,0.0,0.0081,0.0,0.0,0.0087,0.0,0.0,0.0,0.0,0.0211,0.0,0.0251,0.0,0.016,0.0,0.0,0.0661,0.0,0.0,0.0,0.0,0.0,0.0041,0.0698,0.0,0.0144,0.0,0.0,0.0,0.0,0.0,0.0193,0.0424,0.0,0.0376,0.0,0.0,0.0107,0.0,0.012,0.0,0.0,0.012,0.0351,0.0495,0.0,0.0037,0.0,0.0463,0.0,0.0,0.0028,0.0356,0.0,0.0027,0.0398,0.0,0.0,0.0,0.0,0.0031,0.057999999999999996,0.0501,0.0,0.0,0.0,0.0,0.0,0.0069,0.0,0.0,0.0132,0.0133,0.0,0.0064,0.0074,0.0156,0.0099,0.0447,0.0,0.0232,0.0,0.0,0.0,0.0256,0.0,0.0051,0.0532,0.0,0.0167,0.067,0.0,0.0167,0.0,0.0,0.0089,0.0
8530,0.0082,0.0115,0.0063,0.0317,0.034,0.0,0.0087,0.0407,0.0,0.0,0.0,0.0175,0.0064,0.0037,0.0,0.0075,0.0,0.0131,0.0,0.1508,0.0,0.0092,0.0,0.0,0.0056,0.0,0.0,0.0,0.0,0.006,0.0,0.0569,0.2269,0.0,0.1484,0.0,0.0,1.0,0.0,0.1611,0.0041,0.0148,0.0,0.0159,0.1861,0.0,0.0,0.0,0.0,0.0,0.006999999999999999,0.0,0.0048,0.0,0.0,0.0009,0.016,0.0,0.005,0.0095,0.1348,0.0,0.0164,0.0,0.0,0.0,0.0,0.0241,0.0,0.0,0.0,0.0,0.0321,0.0,0.0,0.0,0.0,0.1031,0.0,0.0,0.0,0.0,0.0,0.0,0.0,0.0,0.0,0.0,0.0109,0.0233,0.0,0.0144,0.0,0.065,0.005,0.0242,0.0,0.0244,0.2228,0.0,0.0,0.0046,0.0,0.0138,0.0,0.0,0.0,0.0,0.0125,0.0195,0.006999999999999999,0.0,0.0,0.0434,0.0099,0.0172,0.0252,0.0,0.0,0.0,0.0,0.0602,0.0325,0.0,0.0686,0.0819,0.0,0.0017,0.0104,0.0133,0.0019,0.0,0.0,0.051,0.0183,0.0,0.0,0.0294,0.0,0.001,0.0014,0.0,0.0
4321,0.0371,0.0,0.0148,0.0,0.0043,0.0006,0.0103,0.0,0.0376,0.0009,0.0848,0.0,0.0206,0.1314,0.0,0.0266,0.0279,0.0,0.0,0.0,0.0,0.0315,0.0332,0.0619,0.0,0.0028,0.0149,0.0217,0.0,0.0328,0.0,0.0439,0.0,0.0147,0.0,0.0121,0.0,0.0,1.0,0.0,0.0321,0.03,0.028999999999999998,0.0531,0.0,0.0296,0.0,0.0304,0.0556,0.0122,0.0295,0.0,0.0559,0.0294,0.0533,0.0051,0.0208,0.1732,0.0,0.0057,0.0,0.0002,0.0323,0.0,0.0,0.0,0.024,0.0,0.0245,0.0274,0.0,0.005,0.0,0.0,0.0253,0.0032,0.0063,0.0,0.0,0.0,0.165,0.0379,0.0,0.061,0.0,0.0,0.0855,0.0164,0.0,0.0,0.0747,0.0078,0.0437,0.0,0.023,0.0,0.0,0.0935,0.0,0.0,0.0295,0.0,0.0103,0.0,0.0,0.0,0.0,0.0361,0.0524,0.0,0.0,0.0014,0.0,0.0035,0.0455,0.0173,0.0,0.0193,0.1124,0.0392,0.0,0.0345,0.1202,0.0,0.0196,0.0,0.0078,0.0,0.0277,0.0,0.0309,0.0,0.0,0.0147,0.0,0.0,0.1306,0.03,0.0,0.0,0.0115,0.0021,0.0127
6266,0.0,0.0,0.0,0.0111,0.0142,0.0,0.0152,0.0258,0.0,0.0,0.0,0.0,0.0,0.0,0.0,0.0,0.0,0.0191,0.0,0.13699999999999998,0.0,0.0,0.0,0.0,0.0032,0.0,0.0193,0.0018,0.0,0.0,0.0147,0.0458,0.1056,0.0,0.1428,0.0,0.0176,0.1611,0.0,1.0,0.02,0.0252,0.0,0.0211,0.1473,0.0,0.0,0.0,0.0,0.0,0.0,0.0,0.0,0.0,0.0,0.0,0.0103,0.0,0.0,0.0178,0.1188,0.0,0.0234,0.0,0.0,0.0,0.0155,0.0,0.0,0.0,0.0,0.0039,0.0092,0.0116,0.0,0.0,0.0,0.1493,0.0,0.0,0.0,0.0,0.0,0.0,0.0,0.0,0.0269,0.0413,0.0,0.0228,0.0,0.0,0.0,0.0,0.0,0.0,0.0,0.032,0.1225,0.0,0.0006,0.0,0.0,0.0,0.0,0.0,0.005,0.0117,0.0118,0.0,0.0,0.0,0.0,0.0,0.0,0.0229,0.0036,0.0163,0.0,0.0,0.006,0.0518,0.0215,0.0,0.0515,0.0,0.0,0.0,0.0,0.0,0.0,0.0,0.0141,0.0568,0.0,0.0,0.0249,0.0839,0.0,0.0,0.0,0.0146,0.0
3532,0.0513,0.0001,0.0,0.0028,0.02,0.0,0.0,0.022000000000000002,0.0,0.0,0.0522,0.0,0.0117,0.0554,0.0,0.0382,0.0,0.0,0.0101,0.0195,0.0,0.0,0.0362,0.07400000000000001,0.0,0.0,0.0031,0.0,0.0,0.0042,0.0,0.0359,0.0187,0.0,0.0139,0.0,0.0566,0.0041,0.0321,0.02,1.0,0.0644,0.0156,0.0791,0.0078,0.0434,0.0,0.0067,0.0,0.0,0.0118,0.0,0.0,0.0235,0.0,0.0144,0.0273,0.0502,0.0,0.0369,0.0298,0.0098,0.0783,0.0,0.0,0.0,0.0264,0.0,0.0,0.0,0.0,0.0,0.0,0.0,0.0,0.0048,0.0,0.0558,0.0,0.0513,0.0369,0.0,0.0,0.012,0.0008,0.0196,0.0645,0.0454,0.0016,0.0165,0.0116,0.0572,0.0642,0.0,0.0,0.0,0.0,0.0344,0.0197,0.0362,0.0,0.0,0.0,0.0,0.0,0.0,0.001,0.0273,0.0287,0.0,0.0,0.0,0.0,0.0,0.0622,0.0076,0.0,0.0506,0.043,0.0168,0.0,0.0552,0.0735,0.0112,0.0559,0.0,0.0,0.0,0.0,0.0,0.0,0.0,0.0,0.0319,0.0,0.0,0.0863,0.0411,0.0,0.0,0.027000000000000003,0.0,0.0
8247,0.0027,0.0,0.0563,0.0,0.0105,0.0291,0.0,0.106,0.0312,0.0158,0.0829,0.0,0.0565,0.0589,0.0,0.0,0.035,0.0,0.0,0.0035,0.0029,0.0159,0.0487,0.0129,0.038,0.0,0.0357,0.0276,0.0093,0.0552,0.0195,0.1161,0.0717,0.0776,0.003,0.0492,0.0589,0.0148,0.03,0.0252,0.0644,1.0,0.0287,0.1194,0.0152,0.036000000000000004,0.0,0.0398,0.0154,0.0157,0.0348,0.02,0.0347,0.0359,0.0,0.0297,0.1128,0.0811,0.0127,0.0,0.0632,0.0176,0.1318,0.0,0.0015,0.0085,0.0245,0.0,0.0575,0.1487,0.0,0.0662,0.0284,0.0021,0.0294,0.0227,0.0185,0.1075,0.0,0.0,0.0772,0.0192,0.0,0.0527,0.0,0.0617,0.0505,0.1326,0.0,0.0723,0.0512,0.0503,0.0209,0.0,0.0932,0.0,0.005,0.0445,0.0216,0.0433,0.0096,0.0,0.0,0.0221,0.0,0.0,0.0237,0.0675,0.099,0.0,0.0,0.0,0.0,0.0406,0.0,0.0291,0.0,0.0528,0.0891,0.0075,0.0087,0.0053,0.0578,0.0316,0.10099999999999999,0.0046,0.0281,0.0,0.0172,0.0046,0.034,0.0839,0.0152,0.0614,0.0,0.0,0.1065,0.0,0.008,0.0,0.0,0.0479,0.0
8455,0.0,0.0,0.0,0.0,0.0,0.0,0.1502,0.0,0.0,0.1289,0.0,0.0,0.0108,0.0641,0.0,0.0,0.0307,0.0,0.0,0.0111,0.0024,0.0,0.0,0.0,0.0,0.0,0.0,0.0121,0.142,0.0331,0.0,0.0452,0.0203,0.0053,0.0,0.0597,0.0,0.0,0.028999999999999998,0.0,0.0156,0.0287,1.0,0.0,0.0,0.1528,0.028999999999999998,0.1634,0.0,0.2054,0.0197,0.0272,0.177,0.0107,0.075,0.0233,0.0711,0.0,0.0,0.0,0.0,0.1074,0.0,0.0133,0.015,0.0837,0.0,0.0,0.0239,0.0179,0.0466,0.0006,0.0,0.0,0.0977,0.171,0.0498,0.0041,0.0,0.0,0.0151,0.0044,0.049,0.0107,0.0147,0.0042,0.0,0.0027,0.009000000000000001,0.0134,0.0198,0.0043,0.0178,0.0341,0.0614,0.0217,0.0,0.0176,0.0,0.0192,0.0,0.0,0.0,0.0,0.0,0.0675,0.0,0.0,0.0346,0.0123,0.0,0.0098,0.0179,0.0,0.0,0.0,0.0284,0.0,0.0,0.0,0.0,0.0,0.0301,0.0583,0.0,0.0137,0.0144,0.049,0.1493,0.0155,0.0,0.0,0.0002,0.0,0.0247,0.0393,0.0093,0.0,0.0532,0.0,0.0,0.0,0.0
7435,0.0,0.0,0.0,0.0,0.0,0.0275,0.0,0.0557,0.004,0.0,0.0072,0.0,0.0243,0.051,0.0,0.0366,0.0008,0.0,0.0064,0.0,0.0,0.0362,0.0,0.0669,0.0,0.0,0.0219,0.0128,0.0,0.0102,0.026000000000000002,0.0462,0.0072,0.0227,0.0306,0.0,0.0279,0.0159,0.0531,0.0211,0.0791,0.1194,0.0,1.0,0.0,0.0252,0.0,0.0,0.033,0.0,0.0,0.0,0.0019,0.04,0.0,0.021,0.0117,0.0615,0.0004,0.0089,0.0106,0.0062,0.0459,0.0,0.0,0.0,0.022000000000000002,0.0,0.0,0.0302,0.0,0.0177,0.0,0.0,0.0,0.0,0.0,0.0268,0.0216,0.0266,0.0829,0.0,0.0,0.0285,0.0,0.0192,0.0906,0.1217,0.0,0.0298,0.0219,0.0001,0.002,0.0,0.0371,0.0,0.0,0.0882,0.0257,0.0275,0.0286,0.0,0.0048,0.0073,0.0,0.0,0.0,0.0418,0.0105,0.0,0.0,0.0,0.0064,0.0094,0.0118,0.0089,0.0,0.0424,0.0397,0.0188,0.0,0.0,0.0689,0.0,0.0593,0.0,0.0,0.0,0.0,0.0,0.0231,0.0,0.0,0.0576,0.0,0.0,0.0596,0.0,0.0,0.0,0.0113,0.0,0.0
7257,0.0418,0.0012,0.0073,0.0,0.0155,0.0,0.0,0.0072,0.0002,0.0,0.0,0.0,0.0,0.0026,0.0,0.0,0.0,0.0,0.0016,0.1219,0.0,0.0,0.0,0.0,0.0169,0.0,0.0,0.0,0.0,0.0043,0.0321,0.0695,0.1621,0.0,0.1266,0.0,0.0,0.1861,0.0,0.1473,0.0078,0.0152,0.0,0.0,1.0,0.0,0.0,0.0,0.0,0.0,0.0,0.0,0.0,0.0022,0.0,0.0102,0.0042,0.0,0.0,0.0,0.0816,0.0,0.0078,0.0,0.0,0.0,0.0,0.0,0.0,0.0,0.0,0.0,0.0004,0.0014,0.0,0.0,0.0,0.0931,0.0,0.0,0.0,0.0,0.0,0.0,0.0,0.0072,0.0,0.0,0.0,0.0157,0.0078,0.0,0.0,0.0122,0.0,0.0,0.0,0.0,0.1792,0.0026,0.0,0.0,0.0,0.0172,0.0083,0.0,0.0,0.0014,0.0,0.0,0.0,0.0,0.0,0.0,0.0057,0.0044,0.0,0.0,0.0054,0.0,0.0,0.0148,0.0242,0.0,0.0721,0.0159,0.0,0.0,0.0,0.0,0.0,0.0116,0.0,0.0566,0.0,0.0,0.0023,0.0474,0.0,0.0,0.0019,0.0,0.0
3439,0.0,0.0,0.0073,0.0,0.0,0.0,0.1404,0.005,0.0,0.1998,0.0029,0.0,0.0,0.0369,0.0,0.0155,0.0378,0.0,0.0,0.0112,0.033,0.0,0.0,0.0298,0.0,0.0,0.0,0.0295,0.1373,0.0269,0.0,0.0269,0.0171,0.0062,0.0,0.0,0.0,0.0,0.0296,0.0,0.0434,0.036000000000000004,0.1528,0.0252,0.0,1.0,0.0,0.2009,0.0089,0.15,0.0391,0.0496,0.1946,0.0145,0.1253,0.0536,0.0512,0.0407,0.0009,0.0347,0.0,0.1256,0.0,0.0038,0.0255,0.11599999999999999,0.0,0.0,0.0,0.0507,0.0127,0.0166,0.0137,0.0044,0.1143,0.1148,0.0409,0.0147,0.0113,0.0,0.0216,0.0004,0.0121,0.0273,0.0,0.0297,0.0153,0.0262,0.0327,0.027000000000000003,0.0015,0.0,0.0079,0.0,0.0701,0.0,0.0,0.0317,0.0,0.0038,0.0216,0.0036,0.0,0.0,0.0,0.0261,0.001,0.0411,0.0346,0.0093,0.0001,0.0098,0.0323,0.0076,0.0,0.0181,0.0,0.0086,0.0198,0.0073,0.0,0.0,0.0182,0.0055,0.0,0.0,0.0204,0.0,0.1272,0.0,0.0248,0.0012,0.0393,0.065,0.0079,0.0038,0.0393,0.0,0.0973,0.0,0.0,0.0267,0.0
14824,0.0156,0.0558,0.0,0.0753,0.01,0.0,0.0,0.0152,0.003,0.0,0.0,0.040999999999999995,0.0266,0.0191,0.0442,0.0176,0.0,0.0,0.0008,0.0069,0.0,0.0066,0.0034,0.0,0.0,0.0,0.0,0.0,0.0144,0.0508,0.0,0.0,0.0028,0.0,0.0,0.0,0.0,0.0,0.0,0.0,0.0,0.0,0.028999999999999998,0.0,0.0,0.0,1.0,0.0212,0.0,0.059000000000000004,0.0,0.0,0.0298,0.0189,0.0,0.0441,0.0084,0.0267,0.0,0.0,0.0,0.0,0.0,0.0,0.0,0.0635,0.0,0.0418,0.0,0.0,0.0,0.0,0.0812,0.0,0.0245,0.0,0.0244,0.0,0.0,0.0,0.0005,0.0,0.0671,0.0,0.0,0.0,0.0,0.0047,0.0,0.02,0.0247,0.0,0.0,0.0918,0.0,0.1666,0.0405,0.0,0.0,0.0007,0.0,0.0099,0.0,0.0,0.0272,0.0355,0.0,0.0,0.0303,0.1195,0.0341,0.0,0.0031,0.066,0.0141,0.0,0.0798,0.0,0.0236,0.0,0.0,0.0,0.0,0.0142,0.0,0.149,0.0,0.1252,0.0192,0.0497,0.006,0.098,0.0586,0.0,0.1471,0.0542,0.0075,0.0,0.0,0.0,0.0312,0.0,0.0434
11550,0.0,0.0,0.0065,0.0,0.0,0.0,0.1343,0.0,0.0,0.1676,0.0189,0.0144,0.0088,0.0573,0.0267,0.0,0.054000000000000006,0.0,0.0,0.018000000000000002,0.0,0.0,0.0781,0.0059,0.0021,0.0,0.0,0.0,0.1391,0.0211,0.0,0.0264,0.0251,0.0028,0.0,0.0668,0.0081,0.0,0.0304,0.0,0.0067,0.0398,0.1634,0.0,0.0,0.2009,0.0212,1.0,0.0,0.1601,0.0379,0.0248,0.1845,0.0327,0.1464,0.0184,0.0224,0.0153,0.0127,0.0,0.0,0.1146,0.0,0.0467,0.0537,0.1588,0.0,0.0,0.0669,0.0156,0.0143,0.0,0.0,0.0292,0.1058,0.1209,0.0586,0.0,0.0,0.0,0.022000000000000002,0.0407,0.0,0.0031,0.0,0.0,0.0,0.0131,0.0102,0.0403,0.0384,0.0,0.0116,0.0095,0.11800000000000001,0.0115,0.0,0.0223,0.0,0.0,0.0129,0.0,0.0,0.0,0.0,0.0542,0.0,0.0,0.0291,0.0234,0.0,0.0,0.0448,0.0027,0.0,0.0054,0.0,0.0,0.0,0.0,0.0,0.0,0.0068,0.0151,0.0,0.0,0.02,0.0257,0.1466,0.0,0.0,0.0181,0.0219,0.0,0.017,0.0,0.0135,0.0,0.0771,0.0113,0.0,0.0,0.0043
10519,0.0,0.0,0.0,0.0,0.0,0.0,0.0065,0.0,0.0,0.0,0.0485,0.0,0.1068,0.1065,0.0,0.0004,0.0,0.0,0.0,0.0,0.0188,0.0,0.0188,0.0,0.0,0.0,0.0,0.0,0.0129,0.0377,0.0,0.0,0.0,0.1128,0.0,0.0,0.0,0.0,0.0556,0.0,0.0,0.0154,0.0,0.033,0.0,0.0089,0.0,0.0,1.0,0.0,0.0372,0.0215,0.0238,0.1187,0.0086,0.0,0.0187,0.0967,0.0,0.0,0.0,0.0,0.0,0.0111,0.0331,0.0,0.0075,0.0,0.0,0.0,0.0,0.0,0.0,0.0026,0.01,0.0024,0.0012,0.0019,0.0,0.0,0.0768,0.0,0.0,0.019,0.0,0.0,0.0523,0.0,0.0,0.0,0.0128,0.01,0.0,0.0,0.0061,0.0,0.0047,0.0363,0.0,0.0265,0.0,0.0,0.0101,0.0,0.0,0.0,0.0,0.0035,0.0623,0.0,0.0,0.0,0.0245,0.0,0.0,0.0132,0.0,0.0249,0.0137,0.0,0.0,0.0,0.0234,0.009000000000000001,0.0,0.0,0.0,0.0,0.0155,0.0,0.0,0.0167,0.0,0.0,0.0,0.0,0.0232,0.0,0.0002,0.0,0.0,0.0,0.0
