,12141,12138,12635,12850,3144,3413,13700,14225,3897,4199,17120,5046,5047,16245,6066,6335,8479,8551,1602,9465,1690,11228,10499,5597,6502,6435,8762,9850,2817,3170,4510,2403,2285,1078,7881,6104,8530,4321,6266,3532,8247,8455,7435,7257,3439,14824,11550,10519,8810,5439,7366,1440,7985,8151,11465,4839,4058,3980,6375,2086,4093,1075,1209,11220,1230,4383,7085,4640,8030,9225,9667,4885,4973,11506,7974,1678,2111,11456,6078,8358,5783,5786,10016,7154,11060,10407,1913,7065,3121,5125,6304,6565,27914,10867,6742,2019,3735,6730,10453,10247,4423,5256,5518,6136,8823,3362,5878,1988,1449,7982,4605,9882,1447,6008,9778,8245,8253,6649,7875,1161,2220,10530,2574,11376,2547,7923,13341,4029,9783,11399,1487,8898,4213,12726,13510,15267,15414,16478,11687,2184,4494,11811
12141,1.0,0.0165,0.0274,0.055,0.0051,0.0,0.002,0.0123,0.0,0.0,0.0,0.0434,0.0076,0.0,0.0,0.0,0.0,0.0412,0.0017,0.0086,0.1022,0.0,0.0485,0.0229,0.0,0.0088,0.0101,0.0,0.0,0.0,0.0,0.0,0.0357,0.0,0.0,0.0,0.0044,0.0148,0.0113,0.0406,0.0043,0.0,0.0,0.0057,0.0,0.0,0.0,0.0472,0.0,0.0,0.0,0.0,0.0119,0.0,0.0034,0.0123,0.0,0.0533,0.0311,0.0,0.0,0.0,0.0153,0.0,0.0105,0.0,0.0029,0.0,0.0,0.0,0.0232,0.0,0.0053,0.0,0.0,0.0,0.0287,0.0,0.0249,0.0,0.0,0.0,0.0,0.0,0.0084,0.0,0.0,0.039,0.0091,0.0021,0.0606,0.0333,0.0,0.0,0.0,0.0,0.0061,0.0038,0.0662,0.0,0.0239,0.0091,0.0349,0.0581,0.0,0.0151,0.001,0.0001,0.0,0.0026,0.0,0.0271,0.0374,0.0876,0.0569,0.0,0.0,0.0077,0.0368,0.1185,0.0,0.0085,0.0,0.0,0.0,0.0,0.0,0.0,0.0,0.1082,0.0261,0.0167,0.0063,0.0,0.0,0.006,0.0,0.0,0.0,0.0829,0.0,0.0377
12138,0.0165,1.0,0.0523,0.0,0.0,0.0016,0.0397,0.0125,0.0,0.0,0.0926,0.0,0.0198,0.042,0.0,0.0,0.0,0.006,0.0168,0.0,0.0087,0.0,0.0,0.0025,0.0,0.0,0.0,0.0,0.0,0.0,0.0,0.0354,0.0,0.0,0.0,0.0115,0.0563,0.0022,0.0,0.0,0.0,0.0092,0.0,0.0083,0.0,0.0683,0.0053,0.0,0.0,0.026000000000000002,0.0,0.0,0.0,0.0043,0.0,0.0329,0.0,0.0127,0.0111,0.0237,0.0,0.0058,0.0,0.0,0.0,0.006999999999999999,0.0,0.0463,0.0,0.0,0.0,0.1004,0.0575,0.0,0.0,0.0181,0.0472,0.0,0.0,0.0,0.0,0.0633,0.0,0.0,0.0127,0.0,0.0,0.0943,0.0,0.0,0.0391,0.0,0.03,0.0,0.0975,0.1095,0.0,0.0124,0.0,0.0,0.0192,0.0,0.0152,0.0156,0.0,0.0,0.0,0.0045,0.0542,0.0408,0.0002,0.0,0.0642,0.0,0.0371,0.1017,0.0061,0.0,0.0,0.0,0.0,0.0,0.0,0.0,0.0305,0.0,0.0192,0.0182,0.0787,0.0,0.0918,0.1344,0.0,0.0344,0.0137,0.013000000000000001,0.0074,0.0,0.0582,0.0,0.0008,0.0233
12635,0.0274,0.0523,1.0,0.0672,0.0,0.0,0.0,0.0187,0.0,0.0,0.0832,0.0247,0.0379,0.0761,0.0,0.0127,0.0,0.0007,0.0,0.0,0.0338,0.0,0.005,0.0,0.0,0.0,0.0,0.0,0.0,0.0,0.0,0.0,0.0044,0.0055,0.0,0.0,0.022000000000000002,0.0281,0.0,0.0,0.0,0.0,0.0,0.0,0.0,0.0936,0.0084,0.0184,0.0149,0.0,0.0,0.0,0.0036,0.0001,0.0,0.0,0.0,0.0011,0.0,0.0,0.0061,0.0,0.0,0.0,0.0,0.0,0.0,0.0799,0.0,0.0,0.0,0.0958,0.016,0.0,0.0,0.0,0.0,0.0,0.01,0.0,0.0119,0.0882,0.0176,0.0,0.0126,0.0009,0.0,0.031,0.0,0.025,0.0588,0.0132,0.0033,0.0,0.0899,0.0499,0.0322,0.0007,0.0116,0.0,0.0746,0.0081,0.0081,0.0153,0.0259,0.0,0.0,0.0,0.0561,0.0288,0.0,0.0336,0.1057,0.0384,0.0,0.0865,0.0,0.0,0.0138,0.0502,0.0046,0.0298,0.0,0.0,0.0611,0.0,0.0,0.0,0.1053,0.0674,0.0728,0.0504,0.0,0.0166,0.0,0.0,0.0,0.0,0.065,0.0,0.0,0.182
12850,0.055,0.0,0.0672,1.0,0.0,0.0,0.0115,0.0,0.0,0.0,0.0,0.0232,0.0343,0.0,0.0,0.0012,0.0,0.0,0.0579,0.0086,0.0,0.0,0.0145,0.0,0.025,0.0,0.0,0.0,0.0,0.0,0.0,0.0194,0.0,0.0483,0.0,0.0,0.0416,0.012,0.0113,0.0183,0.0,0.0,0.0,0.0272,0.0,0.0396,0.0,0.013999999999999999,0.0,0.0,0.0,0.004,0.0166,0.0,0.0,0.0,0.0,0.0,0.002,0.067,0.0,0.0,0.0,0.0,0.0,0.0,0.0,0.0,0.0,0.0,0.0,0.0,0.0058,0.0,0.0,0.0,0.0,0.0,0.0467,0.0,0.0,0.0,0.0176,0.0,0.0195,0.0574,0.0,0.0083,0.0,0.0,0.0091,0.0,0.0603,0.0,0.0058,0.0,0.0262,0.0687,0.0073,0.0,0.0335,0.0,0.0,0.0305,0.0,0.0018,0.0304,0.0052,0.0045,0.0018,0.0,0.0,0.0284,0.0458,0.0,0.0,0.0,0.0,0.0,0.013999999999999999,0.0332,0.0064,0.0,0.0318,0.0726,0.0,0.0,0.0,0.0,0.0416,0.0064,0.0,0.0171,0.0196,0.0,0.0063,0.0043,0.0,0.0,0.0053,0.0,0.0351
3144,0.0051,0.0,0.0,0.0,1.0,0.0,0.0362,0.0411,0.0152,0.0061,0.0,0.0,0.0,0.0,0.0,0.0344,0.1766,0.047,0.047,0.0018,0.0129,0.0,0.0,0.0652,0.0102,0.0,0.0,0.0021,0.0,0.0146,0.0577,0.0475,0.0,0.0,0.0,0.0028,0.0784,0.0161,0.0667,0.0022,0.055,0.0086,0.0,0.0276,0.0033,0.0,0.0,0.0,0.0,0.013000000000000001,0.0137,0.0045,0.0005,0.0,0.1443,0.0811,0.0,0.0121,0.0317,0.0512,0.0,0.0,0.0311,0.0,0.0,0.0143,0.0,0.0,0.0,0.0047,0.0021,0.0,0.0,0.0097,0.0081,0.0,0.0858,0.0,0.054000000000000006,0.0,0.0,0.0,0.0,0.0432,0.0005,0.0122,0.0,0.0,0.0299,0.0,0.0083,0.0,0.0018,0.0138,0.0,0.0034,0.0054,0.0145,0.0,0.0497,0.0306,0.0085,0.0319,0.0064,0.0,0.0078,0.0,0.0661,0.0,0.0,0.0,0.0,0.0479,0.0,0.0485,0.0,0.0,0.0,0.0098,0.0,0.0,0.0236,0.0152,0.0255,0.009000000000000001,0.0194,0.0,0.0023,0.0,0.0,0.0123,0.0,0.0423,0.0,0.0,0.0016,0.0105,0.0,0.0,0.0148,0.0,0.0
3413,0.0,0.0016,0.0,0.0,0.0,1.0,0.0,0.0,0.1564,0.0,0.0511,0.0047,0.0654,0.0752,0.0,0.0219,0.0,0.0056,0.0,0.0,0.0,0.0,0.0,0.0057,0.0,0.0,0.0,0.1603,0.0,0.0,0.0,0.054000000000000006,0.0115,0.0,0.0,0.0,0.027999999999999997,0.0174,0.0,0.0,0.0442,0.1903,0.0,0.0104,0.1156,0.0389,0.1587,0.0,0.2531,0.0407,0.1961,0.1585,0.0,0.1063,0.0,0.0194,0.0054,0.0,0.0,0.0,0.1217,0.155,0.0,0.0,0.0325,0.0886,0.0,0.0284,0.0,0.0005,0.0,0.0,0.0304,0.0791,0.0872,0.0177,0.0593,0.0,0.0,0.0197,0.0,0.0591,0.0156,0.0,0.0,0.0,0.0,0.0175,0.0,0.0,0.0,0.0,0.0351,0.0342,0.0574,0.0,0.0029,0.0,0.0,0.0,0.0032,0.0,0.0,0.0,0.032,0.0,0.0,0.0,0.015,0.0,0.0264,0.0401,0.0573,0.0,0.0,0.0754,0.0306,0.0075,0.0,0.0,0.0,0.0219,0.0372,0.0068,0.0405,0.0605,0.0201,0.1892,0.0732,0.0,0.0369,0.0772,0.0326,0.0203,0.0,0.0,0.0,0.0409,0.0446,0.0251,0.0112,0.0
13700,0.002,0.0397,0.0,0.0115,0.0362,0.0,1.0,0.0,0.0,0.0,0.0,0.0149,0.0018,0.0,0.0,0.0,0.0,0.019,0.0351,0.0,0.0077,0.0,0.0,0.0305,0.0,0.0374,0.0333,0.0,0.0,0.0,0.0,0.0239,0.0,0.0297,0.0028,0.0,0.0705,0.0067,0.0726,0.0073,0.0285,0.0,0.0232,0.0759,0.0,0.0129,0.0,0.0,0.0,0.0,0.0,0.0,0.0,0.0,0.0034,0.038,0.0,0.0,0.0113,0.063,0.0,0.0,0.0106,0.0,0.0,0.0,0.0,0.0,0.0,0.0035,0.0,0.0,0.0,0.0,0.0,0.0,0.0335,0.0,0.0208,0.0025,0.0,0.0,0.0,0.0024,0.0,0.0638,0.0,0.0,0.0,0.0,0.0439,0.0243,0.023,0.0,0.038,0.0,0.0615,0.036000000000000004,0.0,0.0049,0.0,0.006999999999999999,0.0233,0.0,0.0,0.0,0.0,0.0033,0.0,0.0,0.0,0.0,0.0031,0.0,0.0492,0.0,0.0,0.008,0.0,0.0,0.027000000000000003,0.0117,0.0,0.0544,0.0242,0.0,0.0,0.0,0.0,0.0,0.0123,0.0,0.034,0.0,0.0,0.0058,0.0384,0.0,0.0,0.0,0.0001,0.0044
14225,0.0123,0.0125,0.0187,0.0,0.0411,0.0,0.0,1.0,0.0,0.0,0.0,0.0039,0.0006,0.0,0.0,0.0,0.0,0.0626,0.0,0.0,0.0,0.0266,0.0,0.0025,0.0,0.0,0.0,0.0,0.0017,0.0,0.0,0.0,0.0,0.0,0.0,0.0,0.0087,0.0081,0.0,0.0224,0.0,0.0,0.006999999999999999,0.0,0.0,0.03,0.0,0.0,0.0,0.0,0.0,0.0,0.0,0.0,0.034,0.0279,0.0139,0.0331,0.0,0.001,0.0036,0.0,0.0328,0.0113,0.0,0.0109,0.0216,0.0,0.0005,0.0,0.0,0.0,0.0,0.0064,0.0,0.0,0.0339,0.0,0.0,0.0,0.0,0.0,0.0,0.0,0.002,0.0124,0.0013,0.0,0.0,0.1028,0.0089,0.0053,0.0069,0.0,0.0,0.0,0.0,0.0,0.0,0.0,0.0211,0.0665,0.0,0.0,0.0264,0.0,0.0024,0.0396,0.0,0.0,0.0,0.0118,0.0515,0.0,0.0548,0.0,0.0095,0.036000000000000004,0.0,0.0,0.0,0.0,0.003,0.0,0.0,0.0156,0.0,0.0026,0.0,0.0,0.0,0.0,0.001,0.0,0.0243,0.0031,0.0059,0.0,0.0,0.0344,0.0,0.0
3897,0.0,0.0,0.0,0.0,0.0152,0.1564,0.0,0.0,1.0,0.0,0.0,0.0044,0.0538,0.0,0.0,0.0185,0.0007,0.0,0.0,0.0,0.0,0.0,0.0,0.0,0.0,0.0,0.0,0.0966,0.0267,0.0,0.0012,0.0,0.0102,0.0,0.0,0.0,0.0,0.0032,0.0,0.0,0.0583,0.1113,0.0,0.0,0.2621,0.0,0.149,0.0,0.1714,0.0127,0.1965,0.1644,0.0,0.0911,0.0071,0.0065,0.0,0.0,0.0,0.0,0.1665,0.1498,0.0,0.0,0.0179,0.1068,0.0156,0.0,0.0,0.0,0.0,0.0,0.0335,0.0734,0.121,0.0198,0.0,0.0176,0.0,0.0352,0.0,0.0,0.0,0.0,0.0,0.0,0.0,0.0,0.0,0.0137,0.0,0.0,0.0,0.0789,0.0,0.0,0.018000000000000002,0.0,0.0,0.0106,0.0,0.006,0.0,0.0,0.0,0.0,0.0,0.0,0.0,0.0,0.0,0.0094,0.0,0.0,0.0,0.0,0.012,0.0,0.0,0.0,0.0,0.0,0.0628,0.0,0.0,0.0471,0.0,0.1259,0.0033,0.0,0.0,0.0,0.0165,0.0,0.0,0.0099,0.0,0.0314,0.0,0.0,0.0,0.0
4199,0.0,0.0,0.0,0.0,0.0061,0.0,0.0,0.0,0.0,1.0,0.0,0.0222,0.0192,0.0,0.0,0.0332,0.006999999999999999,0.0,0.0,0.0,0.0,0.0,0.0,0.0,0.0,0.0,0.0053,0.0,0.0,0.0,0.0,0.0,0.0642,0.0,0.0243,0.0,0.0,0.0684,0.0,0.0058,0.0609,0.0,0.0376,0.0,0.0161,0.0,0.0259,0.0767,0.0,0.0018,0.0,0.0301,0.0,0.0014,0.0,0.034,0.0731,0.0,0.0,0.0,0.0083,0.0,0.0339,0.0,0.0,0.0,0.0216,0.0,0.0299,0.0,0.0,0.0,0.0,0.0002,0.0,0.0,0.0,0.0,0.0,0.1255,0.0013,0.0,0.0594,0.0,0.0,0.0255,0.0216,0.0,0.0,0.0247,0.0,0.0095,0.0,0.0376,0.0,0.0,0.0305,0.0,0.0167,0.0,0.0,0.0138,0.0,0.0,0.0,0.0,0.028999999999999998,0.0234,0.0,0.0,0.0,0.0,0.0,0.0,0.044000000000000004,0.0,0.0597,0.0686,0.0274,0.0,0.0379,0.0098,0.0476,0.0034,0.0,0.0205,0.0,0.0,0.0,0.0,0.0,0.0,0.0,0.0,0.0,0.0405,0.0,0.0,0.0,0.0234,0.0,0.0
17120,0.0,0.0926,0.0832,0.0,0.0,0.0511,0.0,0.0,0.0,0.0,1.0,0.0,0.0407,0.25,0.0247,0.0,0.0,0.0,0.0008,0.0,0.0,0.0,0.0021,0.0,0.0,0.0,0.0,0.0253,0.0,0.0,0.0,0.0307,0.0,0.0,0.0,0.0039,0.0453,0.0,0.0,0.0,0.0,0.0425,0.0,0.0,0.0,0.09,0.0212,0.0,0.0564,0.0421,0.0519,0.0122,0.0,0.0275,0.0,0.0405,0.0,0.0049,0.0,0.0,0.0,0.0308,0.0,0.0,0.0,0.0,0.0,0.2647,0.0,0.0072,0.0,0.0754,0.0,0.031,0.0,0.0311,0.0491,0.0,0.0,0.0,0.0,0.2392,0.0,0.0,0.0,0.019,0.0,0.0,0.0,0.0,0.0097,0.0041,0.0145,0.0246,0.1205,0.0857,0.0,0.0098,0.0,0.0,0.0864,0.0,0.0,0.0,0.0061,0.0,0.0,0.0,0.1195,0.0433,0.0,0.0077,0.0,0.0,0.0,0.2626,0.0076,0.0,0.0,0.0081,0.0078,0.0,0.0,0.0,0.08900000000000001,0.0,0.0249,0.046,0.2594,0.0,0.1135,0.1843,0.0,0.1013,0.0,0.0,0.0,0.0326,0.3287,0.0,0.0241,0.0915
5046,0.0434,0.0,0.0247,0.0232,0.0,0.0047,0.0149,0.0039,0.0044,0.0222,0.0,1.0,0.0504,0.0,0.0,0.0106,0.0,0.0252,0.0207,0.0157,0.0369,0.02,0.0363,0.0,0.0,0.0,0.0,0.0,0.0012,0.0,0.0,0.003,0.166,0.0241,0.0074,0.0,0.0339,0.0275,0.016,0.0498,0.0272,0.0005,0.0469,0.0,0.0,0.0056,0.0057,0.1219,0.0141,0.0207,0.0115,0.0,0.1829,0.0,0.0,0.047,0.0615,0.0,0.0,0.0,0.0222,0.004,0.0104,0.0,0.0385,0.0,0.0118,0.0,0.0065,0.0,0.0012,0.0,0.0,0.0016,0.0029,0.0037,0.0019,0.0,0.0071,0.0876,0.0101,0.0,0.0305,0.0,0.02,0.0155,0.0,0.0198,0.0,0.0153,0.0308,0.0412,0.0,0.0286,0.0,0.0,0.0758,0.0,0.0913,0.0,0.0,0.0098,0.0096,0.0371,0.0,0.0,0.002,0.0622,0.0,0.0,0.0,0.045,0.0037,0.069,0.0649,0.0,0.0104,0.0343,0.0,0.0209,0.0124,0.0163,0.0053,0.0019,0.0,0.0338,0.0,0.0255,0.0,0.0352,0.0,0.0099,0.0268,0.0,0.0,0.0319,0.0,0.0,0.0,0.0099,0.0313,0.0137
5047,0.0076,0.0198,0.0379,0.0343,0.0,0.0654,0.0018,0.0006,0.0538,0.0192,0.0407,0.0504,1.0,0.0059,0.0,0.0362,0.0082,0.0,0.0425,0.0448,0.0,0.0246,0.0446,0.0,0.0,0.0,0.0233,0.0363,0.0267,0.0,0.0448,0.036000000000000004,0.0703,0.0344,0.0324,0.0513,0.0491,0.1057,0.0074,0.0659,0.043,0.046,0.0939,0.0404,0.0296,0.0367,0.0404,0.0893,0.0686,0.0408,0.0491,0.0533,0.0362,0.0625,0.0317,0.042,0.0956,0.0,0.0095,0.0465,0.0607,0.034,0.0505,0.0,0.0197,0.0,0.0,0.0301,0.0054,0.0186,0.002,0.0041,0.0205,0.0416,0.0472,0.0332,0.0532,0.0,0.024,0.0897,0.0348,0.0,0.0169,0.0,0.0,0.0602,0.0,0.0435,0.0078,0.0472,0.0382,0.01,0.0139,0.0665,0.034,0.0,0.1102,0.0564,0.0584,0.0066,0.0176,0.0118,0.0,0.0,0.0,0.0,0.0474,0.0092,0.0529,0.0,0.0,0.0227,0.0492,0.0,0.0686,0.0359,0.0425,0.0236,0.0005,0.0059,0.0296,0.0824,0.0301,0.0168,0.0323,0.0578,0.0144,0.06,0.0472,0.0174,0.061,0.0335,0.0569,0.0254,0.0,0.0813,0.0168,0.0162,0.01,0.0228,0.0164,0.0249
16245,0.0,0.042,0.0761,0.0,0.0,0.0752,0.0,0.0,0.0,0.0,0.25,0.0,0.0059,1.0,0.0207,0.0,0.0,0.0,0.0,0.0,0.0,0.023,0.0,0.0,0.0,0.0,0.0,0.0101,0.0,0.0,0.0,0.0073,0.0,0.0,0.0,0.0,0.0032,0.0,0.0,0.0,0.0,0.0252,0.0,0.0,0.0166,0.0972,0.0,0.0,0.0407,0.0,0.0412,0.0096,0.0,0.0,0.0,0.0,0.0,0.0,0.0,0.0,0.0,0.0,0.0,0.0,0.0,0.0,0.0,0.23199999999999998,0.0,0.0,0.0,0.0465,0.0,0.0083,0.0115,0.0134,0.0096,0.0,0.0,0.0,0.0,0.1819,0.0,0.0,0.0,0.0,0.0,0.0,0.0253,0.0035,0.0,0.0,0.0146,0.0,0.0962,0.105,0.0,0.0014,0.0,0.0,0.0575,0.0023,0.0,0.0,0.0201,0.0,0.0,0.0,0.069,0.0091,0.0,0.0,0.0,0.0,0.0,0.2315,0.0125,0.0,0.0028,0.0,0.0,0.0,0.0,0.0,0.063,0.0,0.0181,0.013000000000000001,0.1698,0.0,0.0938,0.1693,0.0,0.0843,0.0135,0.0,0.0,0.0,0.2176,0.0,0.0053,0.0774
6066,0.0,0.0,0.0,0.0,0.0,0.0,0.0,0.0,0.0,0.0,0.0247,0.0,0.0,0.0207,1.0,0.0,0.0,0.0,0.0,0.0,0.0,0.0,0.0,0.0,0.0,0.0,0.0135,0.0017,0.0,0.0522,0.0,0.0,0.0,0.0,0.0,0.0247,0.0,0.0,0.0,0.0077,0.0,0.0,0.0183,0.0,0.0177,0.0051,0.0,0.0,0.0,0.0,0.0,0.0,0.0,0.002,0.0,0.0,0.0,0.0,0.0,0.0,0.0,0.0,0.0,0.0,0.0,0.0,0.0,0.0042,0.0,0.0566,0.0067,0.0,0.0,0.0,0.0,0.0,0.0091,0.0,0.0,0.0,0.0,0.0098,0.0002,0.0,0.0,0.0,0.0,0.0,0.0142,0.0,0.0,0.0,0.0,0.0,0.0,0.0023,0.0,0.0,0.0,0.0,0.0,0.0,0.0,0.0,0.0,0.0357,0.0,0.0,0.0,0.0,0.0,0.0,0.034,0.0,0.0,0.009000000000000001,0.0,0.0,0.0,0.0,0.0,0.0,0.0,0.0,0.0,0.0,0.0042,0.0,0.0221,0.0,0.0242,0.027999999999999997,0.0121,0.0106,0.0344,0.0051,0.0,0.0153,0.0019,0.0,0.0111,0.0
6335,0.0,0.0,0.0127,0.0012,0.0344,0.0219,0.0,0.0,0.0185,0.0332,0.0,0.0106,0.0362,0.0,0.0,1.0,0.0055,0.0,0.0171,0.0,0.0,0.0656,0.0127,0.0,0.0,0.0011,0.0,0.0244,0.0,0.0115,0.0316,0.0095,0.0042,0.0,0.0,0.0117,0.0,0.027000000000000003,0.0,0.0213,0.0274,0.0324,0.0191,0.0,0.0158,0.0,0.0251,0.0208,0.046,0.0439,0.0487,0.0715,0.0167,0.1018,0.0087,0.0156,0.0242,0.0041,0.0139,0.0,0.0402,0.0114,0.0422,0.0,0.0467,0.0529,0.0,0.0079,0.0075,0.0,0.0,0.0,0.0,0.0413,0.0396,0.0396,0.0062,0.0,0.0247,0.0278,0.0442,0.0,0.0226,0.0,0.0105,0.0438,0.0031,0.0232,0.0,0.0191,0.0002,0.0,0.0077,0.2114,0.0,0.0,0.0189,0.0,0.0043,0.0,0.0,0.0,0.01,0.0,0.0449,0.0383,0.0581,0.0234,0.0,0.0,0.0,0.0424,0.0163,0.0,0.0039,0.0158,0.0073,0.0,0.0,0.0,0.0,0.0231,0.1851,0.0,0.0,0.1844,0.0,0.0295,0.0,0.0128,0.0,0.0,0.02,0.0,0.0,0.0196,0.0,0.0771,0.0,0.0,0.0637,0.0
8479,0.0,0.0,0.0,0.0,0.1766,0.0,0.0,0.0,0.0007,0.006999999999999999,0.0,0.0,0.0082,0.0,0.0,0.0055,1.0,0.0149,0.0108,0.0,0.0,0.0,0.0,0.1007,0.0327,0.0306,0.057,0.0,0.0103,0.0285,0.0248,0.0207,0.0022,0.0052,0.03,0.0165,0.0377,0.0,0.0,0.0,0.0304,0.0,0.0,0.0263,0.0,0.0,0.0,0.0,0.0,0.0075,0.0,0.0035,0.0,0.0005,0.0156,0.0,0.0229,0.0079,0.0904,0.0029,0.0031,0.0,0.0332,0.0,0.0,0.0,0.0,0.0,0.0083,0.0,0.0015,0.0,0.0,0.0,0.0,0.0,0.0116,0.0,0.0477,0.0,0.0021,0.0,0.0,0.0275,0.0129,0.0,0.0,0.0,0.0403,0.0,0.0,0.0,0.004,0.0198,0.0,0.0,0.0127,0.0219,0.0,0.0667,0.0065,0.0041,0.0207,0.0158,0.0,0.0984,0.0,0.0562,0.0049,0.0,0.0,0.0,0.0097,0.0,0.0047,0.0,0.0,0.0,0.0461,0.0,0.0024,0.0289,0.0048,0.0212,0.0009,0.0,0.0,0.0,0.0,0.0,0.0001,0.0,0.0338,0.0,0.0,0.0015,0.0066,0.0,0.0,0.0249,0.0199,0.0
8551,0.0412,0.006,0.0007,0.0,0.047,0.0056,0.019,0.0626,0.0,0.0,0.0,0.0252,0.0,0.0,0.0,0.0,0.0149,1.0,0.0388,0.0039,0.0316,0.0196,0.0109,0.0396,0.0258,0.0187,0.0338,0.0,0.0001,0.0046,0.0115,0.0211,0.0,0.0,0.0,0.016,0.0464,0.0,0.0095,0.0128,0.0142,0.0,0.003,0.0109,0.0,0.0185,0.0,0.0,0.0,0.0069,0.0041,0.0,0.0,0.0,0.0707,0.038,0.0058,0.098,0.0231,0.0,0.0,0.0,0.0122,0.0014,0.018000000000000002,0.0,0.0,0.0,0.0,0.0,0.0089,0.0,0.0,0.0,0.0,0.0,0.0355,0.0,0.0263,0.0,0.0,0.0,0.0,0.0444,0.19699999999999998,0.0,0.0147,0.0359,0.0028,0.0392,0.0195,0.0,0.0008,0.0,0.0026,0.0109,0.0089,0.0231,0.0039,0.0058,0.0344,0.037000000000000005,0.0736,0.0641,0.0139,0.0458,0.0,0.0,0.0,0.0,0.025,0.0192,0.0627,0.0129,0.0546,0.0,0.0212,0.0371,0.0253,0.0251,0.0,0.0108,0.0,0.0,0.0021,0.0,0.0,0.0,0.0,0.0,0.0299,0.0276,0.0039,0.0,0.006999999999999999,0.0,0.0,0.0,0.0,0.0428,0.0396,0.0
1602,0.0017,0.0168,0.0,0.0579,0.047,0.0,0.0351,0.0,0.0,0.0,0.0008,0.0207,0.0425,0.0,0.0,0.0171,0.0108,0.0388,1.0,0.0,0.0109,0.0,0.0,0.0,0.0,0.0,0.0,0.0,0.0,0.0026,0.0285,0.2489,0.0003,0.0884,0.0089,0.001,0.1771,0.0,0.1751,0.059000000000000004,0.0,0.0,0.0118,0.2037,0.0,0.0,0.0,0.011000000000000001,0.0226,0.019,0.0184,0.0194,0.0,0.0001,0.0246,0.0312,0.0,0.015,0.0,0.1253,0.0116,0.0007,0.0425,0.0,0.0,0.0082,0.0,0.0,0.0,0.0,0.0,0.0,0.0,0.0,0.0,0.0,0.1022,0.0,0.0425,0.0,0.0,0.0075,0.0,0.0,0.008,0.0881,0.0,0.02,0.0,0.0,0.0334,0.0,0.0359,0.0,0.015,0.0,0.0626,0.2209,0.0,0.0,0.0244,0.0,0.0163,0.0015,0.0,0.0,0.0,0.0,0.0,0.0,0.0025,0.005,0.0528,0.0,0.0088,0.0,0.0,0.0,0.0,0.0,0.0749,0.0703,0.0,0.0274,0.071,0.0,0.0,0.0147,0.0,0.0,0.0482,0.0094,0.036000000000000004,0.0358,0.0,0.0195,0.0728,0.0,0.0,0.0,0.001,0.0
9465,0.0086,0.0,0.0,0.0086,0.0018,0.0,0.0,0.0,0.0,0.0,0.0,0.0157,0.0448,0.0,0.0,0.0,0.0,0.0039,0.0,1.0,0.0076,0.0246,0.0,0.0,0.0,0.0025,0.0225,0.0042,0.0,0.0,0.001,0.0,0.0,0.0,0.0,0.0282,0.0,0.034,0.0,0.0,0.0211,0.0,0.0,0.0,0.0,0.0,0.0,0.0005,0.0,0.1271,0.0002,0.0,0.0178,0.0234,0.0,0.0,0.0406,0.0032,0.0,0.0,0.0101,0.0,0.0394,0.0,0.0076,0.0,0.0,0.0,0.0,0.0107,0.0,0.0,0.0,0.0047,0.0004,0.0254,0.0,0.0,0.0051,0.0018,0.0237,0.0,0.0218,0.0,0.0,0.0088,0.0055,0.0081,0.0,0.0,0.0167,0.0077,0.0,0.0033,0.0,0.0,0.0058,0.0,0.0107,0.0,0.0,0.0,0.0,0.0195,0.0,0.0092,0.0201,0.0,0.0,0.0,0.0,0.0,0.0,0.0021,0.0383,0.0,0.0,0.0203,0.0061,0.0,0.0036,0.0317,0.0,0.0,0.0,0.0,0.0,0.0,0.0,0.0,0.0,0.0,0.0582,0.0,0.0,0.0147,0.0,0.0654,0.0,0.008,0.0128,0.0
1690,0.1022,0.0087,0.0338,0.0,0.0129,0.0,0.0077,0.0,0.0,0.0,0.0,0.0369,0.0,0.0,0.0,0.0,0.0,0.0316,0.0109,0.0076,1.0,0.0,0.0,0.0,0.0124,0.0,0.0,0.0,0.0,0.0,0.0,0.0,0.0,0.0268,0.0,0.0,0.0132,0.0282,0.0,0.0,0.0,0.0,0.0117,0.0,0.0,0.0,0.0,0.0,0.0,0.0,0.0,0.0,0.0,0.0,0.0187,0.0121,0.0,0.05,0.0168,0.0059,0.0,0.0,0.0079,0.0,0.0,0.0,0.0,0.0,0.0,0.0,0.0032,0.0,0.0,0.0,0.0,0.0,0.0,0.0,0.0002,0.0,0.0,0.0,0.0299,0.0,0.0249,0.0,0.0,0.0,0.0,0.0004,0.0784,0.0335,0.0,0.0,0.0,0.0,0.034,0.0129,0.0,0.0,0.0,0.0,0.0553,0.022000000000000002,0.0,0.0,0.0,0.0,0.0,0.0,0.0,0.0035,0.0216,0.0,0.0409,0.0,0.0075,0.015,0.01,0.0,0.0,0.0,0.0,0.0046,0.0,0.0,0.0,0.0,0.0,0.1036,0.0,0.0,0.0,0.0,0.0,0.0,0.0044,0.0,0.0,0.0563,0.0159,0.0337
11228,0.0,0.0,0.0,0.0,0.0,0.0,0.0,0.0266,0.0,0.0,0.0,0.02,0.0246,0.023,0.0,0.0656,0.0,0.0196,0.0,0.0246,0.0,1.0,0.0,0.0082,0.0,0.0,0.0187,0.0,0.0247,0.0081,0.0202,0.0,0.006,0.0,0.0178,0.0317,0.0164,0.0004,0.0,0.0307,0.0146,0.0,0.0043,0.0,0.0,0.0427,0.0405,0.0308,0.0,0.0423,0.0,0.0,0.0,0.07200000000000001,0.0,0.0189,0.0,0.004,0.0,0.0,0.0,0.0,0.0619,0.0107,0.0057,0.0623,0.0,0.0,0.0392,0.0,0.0,0.0,0.0,0.07400000000000001,0.0605,0.0203,0.023,0.0,0.0134,0.0064,0.0,0.0061,0.0117,0.0,0.0161,0.0,0.0,0.0,0.0,0.0221,0.0,0.0,0.0139,0.1,0.0,0.0,0.0,0.0,0.0,0.0016,0.0,0.0,0.0,0.0002,0.0493,0.0374,0.0053,0.0,0.0,0.0,0.02,0.0327,0.0269,0.0,0.0,0.0291,0.0148,0.0,0.0,0.0,0.0,0.0238,0.0927,0.0,0.0158,0.0788,0.0202,0.0,0.0103,0.0,0.0099,0.0054,0.0466,0.0168,0.0799,0.0193,0.0,0.0504,0.0007,0.0,0.0462,0.0
10499,0.0485,0.0,0.005,0.0145,0.0,0.0,0.0,0.0,0.0,0.0,0.0021,0.0363,0.0446,0.0,0.0,0.0127,0.0,0.0109,0.0,0.0,0.0,0.0,1.0,0.0,0.0,0.0,0.0,0.0,0.0,0.0,0.0,0.0,0.0031,0.0,0.0,0.0099,0.0,0.075,0.0,0.0491,0.0,0.0,0.0415,0.0,0.0049,0.0,0.0,0.0265,0.0277,0.0,0.0,0.0,0.0079,0.0152,0.0168,0.0149,0.0653,0.0,0.0,0.0,0.0057,0.0,0.0195,0.0,0.0,0.0,0.0,0.0,0.0158,0.0157,0.0,0.0036,0.0,0.0018,0.0,0.0,0.002,0.0,0.0184,0.0359,0.0161,0.0,0.0054,0.0002,0.0054,0.0084,0.0,0.0035,0.0,0.0331,0.0833,0.0329,0.0,0.0,0.0028,0.0,0.0387,0.0,0.1936,0.0,0.0104,0.0203,0.0038,0.0355,0.0,0.0091,0.0404,0.0,0.0085,0.0,0.0,0.0,0.0242,0.1499,0.0572,0.0,0.0059,0.0356,0.0,0.1215,0.002,0.0169,0.0,0.0,0.0,0.0,0.0,0.0,0.0039,0.0,0.0144,0.0,0.0,0.0,0.0,0.0169,0.0071,0.0,0.0,0.0363,0.0123,0.0
5597,0.0229,0.0025,0.0,0.0,0.0652,0.0057,0.0305,0.0025,0.0,0.0,0.0,0.0,0.0,0.0,0.0,0.0,0.1007,0.0396,0.0,0.0,0.0,0.0082,0.0,1.0,0.0301,0.0351,0.0721,0.0,0.0,0.0166,0.0218,0.0015,0.0,0.0,0.0277,0.0067,0.0158,0.0,0.0,0.0,0.0447,0.0062,0.0,0.0087,0.0,0.0,0.0,0.0,0.0,0.0,0.0,0.0056,0.0,0.0016,0.0,0.0251,0.0062,0.0,0.0,0.001,0.0,0.0,0.0209,0.0012,0.0,0.0188,0.0,0.0,0.0,0.0039,0.0387,0.0,0.0,0.0,0.0019,0.0,0.0085,0.0,0.0429,0.0001,0.0,0.0,0.0,0.0462,0.0209,0.0,0.0,0.0213,0.0356,0.02,0.0,0.0,0.0,0.012,0.0,0.0,0.0,0.0,0.0,0.0333,0.0,0.0073,0.0178,0.0202,0.0,0.0,0.0014,0.0249,0.0,0.0,0.0,0.0041,0.0,0.0,0.0271,0.0,0.0077,0.0,0.0335,0.0,0.0,0.0261,0.019,0.0155,0.0,0.0,0.0,0.0027,0.0,0.0,0.0049,0.0108,0.027999999999999997,0.0,0.0,0.0181,0.0,0.0011,0.0,0.0204,0.0046,0.0
6502,0.0,0.0,0.0,0.025,0.0102,0.0,0.0,0.0,0.0,0.0,0.0,0.0,0.0,0.0,0.0,0.0,0.0327,0.0258,0.0,0.0,0.0124,0.0,0.0,0.0301,1.0,0.0,0.0977,0.0,0.0,0.0111,0.0,0.0,0.0,0.0,0.0,0.0,0.0,0.0,0.0,0.0,0.0,0.005,0.0,0.0,0.0,0.0,0.0,0.0,0.0,0.0,0.0,0.0,0.0,0.0,0.0,0.0,0.0,0.027999999999999997,0.0377,0.0147,0.0,0.0,0.0,0.0,0.0,0.0,0.0,0.0,0.0,0.0,0.0,0.0,0.0,0.0,0.0,0.0,0.0,0.0007,0.07,0.0,0.004,0.0097,0.0,0.0213,0.0,0.0,0.0024,0.0,0.0271,0.0,0.0,0.0,0.006999999999999999,0.0103,0.0,0.0,0.0,0.0,0.0,0.1181,0.0,0.0,0.0166,0.0,0.0,0.0586,0.0,0.0,0.0,0.0,0.028999999999999998,0.0,0.0,0.0,0.0,0.0,0.0159,0.0,0.0256,0.0,0.0,0.0105,0.0,0.0,0.0,0.0,0.0,0.0,0.0,0.0,0.0,0.0,0.0499,0.0,0.0378,0.0,0.0,0.0,0.0,0.0217,0.0,0.0
6435,0.0088,0.0,0.0,0.0,0.0,0.0,0.0374,0.0,0.0,0.0,0.0,0.0,0.0,0.0,0.0,0.0011,0.0306,0.0187,0.0,0.0025,0.0,0.0,0.0,0.0351,0.0,1.0,0.0934,0.0,0.0,0.001,0.0047,0.0,0.0,0.0,0.0048,0.0,0.0,0.0204,0.0389,0.0,0.03,0.0,0.0371,0.0099,0.0,0.0,0.0,0.0,0.0,0.0,0.0,0.0,0.0,0.0,0.026000000000000002,0.0,0.0041,0.0042,0.0355,0.0224,0.0,0.0,0.0067,0.0,0.0,0.0,0.0034,0.0,0.0,0.0015,0.0166,0.0,0.0,0.0,0.0,0.0,0.0,0.0273,0.0,0.0,0.0,0.0,0.0,0.0199,0.0379,0.0,0.0,0.0099,0.0343,0.0192,0.0,0.0,0.0,0.0,0.0,0.0,0.0,0.0,0.0,0.032,0.0,0.0,0.035,0.0,0.0,0.0184,0.0006,0.0,0.0,0.0,0.0,0.0,0.0,0.0,0.0,0.0,0.0,0.0,0.0648,0.0,0.0,0.0,0.0,0.0,0.0,0.0,0.0,0.0,0.0,0.0,0.0,0.0,0.0194,0.0,0.0,0.0,0.0,0.0,0.0,0.0,0.0,0.0
8762,0.0101,0.0,0.0,0.0,0.0,0.0,0.0333,0.0,0.0,0.0053,0.0,0.0,0.0233,0.0,0.0135,0.0,0.057,0.0338,0.0,0.0225,0.0,0.0187,0.0,0.0721,0.0977,0.0934,1.0,0.0,0.0012,0.0412,0.0208,0.0,0.0,0.0117,0.0144,0.043,0.0238,0.0164,0.0,0.0,0.0858,0.0,0.0202,0.0017,0.0,0.0,0.0,0.0,0.0,0.0323,0.0,0.0,0.009000000000000001,0.0,0.0487,0.0,0.0203,0.0003,0.0544,0.0044,0.0063,0.0,0.0413,0.0,0.0018,0.0,0.0025,0.0,0.0,0.0274,0.0367,0.0,0.0,0.0104,0.0,0.0,0.0054,0.0,0.0,0.0122,0.0147,0.0,0.0305,0.0072,0.0238,0.0,0.033,0.0123,0.0488,0.0,0.0,0.0,0.0,0.0107,0.0,0.0,0.0209,0.0,0.0,0.0129,0.0,0.0,0.04,0.0184,0.0013,0.0967,0.0,0.0039,0.0,0.0,0.0,0.0,0.0,0.0,0.0,0.0,0.0,0.0335,0.1022,0.0,0.0023,0.0,0.0063,0.0033,0.0,0.0,0.0,0.0,0.0,0.0,0.0109,0.0,0.0554,0.0,0.0,0.0,0.004,0.0183,0.0,0.0331,0.0282,0.0091
9850,0.0,0.0,0.0,0.0,0.0021,0.1603,0.0,0.0,0.0966,0.0,0.0253,0.0,0.0363,0.0101,0.0017,0.0244,0.0,0.0,0.0,0.0042,0.0,0.0,0.0,0.0,0.0,0.0,0.0,1.0,0.0,0.0,0.0,0.0121,0.0,0.0,0.0302,0.0366,0.0164,0.0013,0.0,0.0,0.015,0.1679,0.0,0.0006,0.1051,0.0186,0.1385,0.0104,0.1506,0.038,0.1746,0.1501,0.0,0.0874,0.0,0.0,0.0,0.0,0.0,0.0,0.1455,0.1278,0.0,0.0,0.0267,0.0977,0.0,0.0086,0.0142,0.0,0.0,0.0,0.0394,0.0733,0.0597,0.0191,0.0087,0.0,0.0,0.0,0.0078,0.040999999999999995,0.0,0.0,0.0,0.0,0.0,0.0,0.0,0.0231,0.0,0.0,0.0187,0.0371,0.0336,0.0,0.0072,0.0,0.0018,0.0058,0.0023,0.0,0.0,0.0,0.0261,0.0,0.0,0.0,0.0223,0.0,0.0,0.0633,0.0506,0.0198,0.0,0.0615,0.0,0.0,0.0,0.0,0.0,0.0,0.0536,0.0,0.0114,0.0813,0.0167,0.1173,0.0443,0.0,0.0118,0.0323,0.0225,0.039,0.0401,0.0,0.0,0.0557,0.0185,0.0089,0.0008,0.0
2817,0.0,0.0,0.0,0.0,0.0,0.0,0.0,0.0017,0.0267,0.0,0.0,0.0012,0.0267,0.0,0.0,0.0,0.0103,0.0001,0.0,0.0,0.0,0.0247,0.0,0.0,0.0,0.0,0.0012,0.0,1.0,0.0,0.043,0.0,0.0,0.0,0.0047,0.0,0.0,0.0342,0.0,0.0,0.0211,0.0043,0.0,0.0,0.0,0.0,0.0172,0.0155,0.01,0.0,0.0,0.0076,0.0,0.0057,0.0041,0.0679,0.0067,0.0,0.0094,0.0,0.0262,0.0,0.0106,0.0,0.0,0.0018,0.0,0.0,0.012,0.0,0.0152,0.0,0.0,0.0,0.0169,0.0129,0.0,0.0,0.0,0.0249,0.0157,0.0,0.0,0.0,0.0,0.0,0.0,0.0027,0.0153,0.0,0.0,0.0,0.0,0.0,0.0,0.0122,0.0,0.0,0.0,0.0,0.0,0.0,0.0,0.0,0.0,0.0,0.0,0.0,0.0,0.0,0.0032,0.0,0.0,0.0,0.0626,0.0,0.0967,0.0088,0.0185,0.0,0.0,0.0,0.0003,0.0,0.0,0.0046,0.0085,0.0,0.0052,0.0,0.01,0.0004,0.0172,0.0,0.0,0.0,0.0,0.01,0.0218,0.0,0.0,0.0
3170,0.0,0.0,0.0,0.0,0.0146,0.0,0.0,0.0,0.0,0.0,0.0,0.0,0.0,0.0,0.0522,0.0115,0.0285,0.0046,0.0026,0.0,0.0,0.0081,0.0,0.0166,0.0111,0.001,0.0412,0.0,0.0,1.0,0.0512,0.0,0.0,0.005,0.0,0.0175,0.0084,0.0042,0.0152,0.0115,0.0121,0.0,0.0473,0.0,0.0243,0.0,0.0,0.0,0.0,0.0009,0.0,0.0,0.0,0.0,0.0404,0.0,0.0051,0.0,0.0224,0.0135,0.0019,0.0,0.0303,0.0,0.0,0.0,0.0,0.0,0.0,0.0006,0.004,0.0,0.0,0.0,0.0,0.0,0.0128,0.0,0.0548,0.0,0.0,0.0,0.0,0.0256,0.0,0.0,0.0062,0.0,0.0165,0.0,0.0,0.0,0.0,0.0,0.0,0.0,0.0,0.0168,0.0,0.0221,0.0,0.0,0.0005,0.008,0.0,0.0689,0.0,0.0,0.0,0.0,0.0,0.0,0.0,0.0,0.0,0.0,0.0,0.0,0.0,0.0,0.0,0.005,0.0,0.0,0.0,0.0,0.0,0.0,0.0,0.0,0.0,0.0,0.0379,0.0044,0.0,0.0228,0.0,0.0,0.0,0.0,0.0045,0.0
4510,0.0,0.0,0.0,0.0,0.0577,0.0,0.0,0.0,0.0012,0.0,0.0,0.0,0.0448,0.0,0.0,0.0316,0.0248,0.0115,0.0285,0.001,0.0,0.0202,0.0,0.0218,0.0,0.0047,0.0208,0.0,0.043,0.0512,1.0,0.0261,0.0082,0.0217,0.0086,0.0464,0.0414,0.0107,0.0004,0.0671,0.0881,0.0034,0.0219,0.0412,0.0,0.0,0.0,0.0,0.0,0.0,0.0103,0.0,0.0033,0.0154,0.0219,0.0251,0.0398,0.0,0.0195,0.0248,0.0326,0.0,0.0527,0.0,0.0,0.0107,0.0,0.0,0.0,0.0083,0.0,0.0,0.0,0.0,0.0498,0.0175,0.0229,0.0064,0.078,0.0152,0.0,0.0,0.015,0.0,0.0146,0.0,0.0057,0.0144,0.0223,0.0,0.0,0.0043,0.0,0.0561,0.0,0.0,0.024,0.03,0.0099,0.0,0.0,0.0,0.0,0.032,0.0,0.0,0.0132,0.0077,0.0,0.0,0.0,0.0,0.0005,0.0,0.0105,0.0,0.0,0.0105,0.0,0.0,0.003,0.0287,0.0215,0.0434,0.0,0.0186,0.0,0.0,0.0,0.0061,0.0,0.0,0.0678,0.0,0.0,0.0505,0.0345,0.0055,0.0,0.0,0.0,0.0
2403,0.0,0.0354,0.0,0.0194,0.0475,0.054000000000000006,0.0239,0.0,0.0,0.0,0.0307,0.003,0.036000000000000004,0.0073,0.0,0.0095,0.0207,0.0211,0.2489,0.0,0.0,0.0,0.0,0.0015,0.0,0.0,0.0,0.0121,0.0,0.0,0.0261,1.0,0.0084,0.115,0.0118,0.0082,0.2502,0.0,0.1389,0.0363,0.0304,0.0211,0.0404,0.2181,0.0,0.0011,0.0,0.0,0.0362,0.0516,0.0654,0.0482,0.0,0.0177,0.0,0.0429,0.0,0.0165,0.0035,0.1231,0.0006,0.0473,0.0016,0.0,0.0086,0.0,0.0,0.0245,0.0,0.0128,0.0,0.0,0.0123,0.0,0.0,0.0056,0.1345,0.0,0.0299,0.0,0.0,0.0103,0.0,0.0,0.0,0.081,0.0,0.0,0.0089,0.0,0.0242,0.0,0.0664,0.0061,0.0414,0.0012,0.0548,0.3133,0.0,0.0,0.0221,0.0,0.0188,0.0125,0.0,0.0,0.0,0.0,0.0403,0.0,0.006,0.0276,0.0834,0.0,0.0096,0.003,0.0,0.0,0.0,0.0206,0.0397,0.0729,0.0,0.0542,0.0905,0.0,0.0183,0.0161,0.0382,0.0,0.0359,0.0122,0.0467,0.0388,0.0024,0.0074,0.0562,0.0184,0.0,0.0,0.0,0.0
2285,0.0357,0.0,0.0044,0.0,0.0,0.0115,0.0,0.0,0.0102,0.0642,0.0,0.166,0.0703,0.0,0.0,0.0042,0.0022,0.0,0.0003,0.0,0.0,0.006,0.0031,0.0,0.0,0.0,0.0,0.0,0.0,0.0,0.0082,0.0084,1.0,0.0,0.0275,0.0315,0.0119,0.0,0.0,0.0125,0.0675,0.0004,0.0587,0.0028,0.0,0.0,0.0083,0.1287,0.0304,0.027999999999999997,0.0144,0.0024,0.1478,0.0228,0.0035,0.0268,0.0358,0.0,0.0014,0.0,0.0534,0.0122,0.0304,0.0,0.0348,0.0,0.0,0.0,0.0095,0.0,0.0011,0.0,0.0139,0.013999999999999999,0.0,0.0325,0.0183,0.0,0.0018,0.0331,0.0,0.0,0.0008,0.0,0.0,0.0003,0.0,0.0,0.0138,0.0,0.0036,0.0222,0.0,0.0335,0.0,0.0,0.0594,0.004,0.0437,0.0,0.0,0.0,0.0145,0.0,0.0,0.0,0.0,0.0612,0.0,0.0,0.0,0.0797,0.0,0.0,0.0174,0.0,0.0,0.0006,0.0,0.0036,0.0,0.0224,0.0,0.0,0.0,0.0098,0.0,0.0135,0.0,0.0,0.0048,0.0023,0.0121,0.0,0.0,0.0104,0.0,0.015,0.0,0.0,0.0305,0.0
1078,0.0,0.0,0.0055,0.0483,0.0,0.0,0.0297,0.0,0.0,0.0,0.0,0.0241,0.0344,0.0,0.0,0.0,0.0052,0.0,0.0884,0.0,0.0268,0.0,0.0,0.0,0.0,0.0,0.0117,0.0,0.0,0.005,0.0217,0.115,0.0,1.0,0.0,0.0,0.1086,0.0,0.0851,0.0167,0.0053,0.0,0.0551,0.1108,0.0,0.0,0.0,0.0,0.0,0.0062,0.0,0.0,0.0023,0.0,0.0,0.0,0.0066,0.0,0.0045,0.1155,0.0,0.0,0.0,0.0,0.0,0.0,0.0,0.0,0.0,0.0016,0.0,0.0,0.0,0.0,0.0,0.0,0.0413,0.0,0.0,0.0045,0.0,0.0,0.0265,0.0082,0.0,0.0728,0.0,0.0,0.0,0.0117,0.0,0.0,0.0666,0.0,0.0,0.0,0.0912,0.1303,0.0029,0.0,0.0,0.0,0.0103,0.0,0.0,0.0,0.0058,0.0,0.0021,0.0,0.0,0.0,0.0,0.0,0.0172,0.0,0.0,0.0001,0.0,0.0,0.1186,0.0587,0.0,0.0451,0.0454,0.0,0.0,0.0,0.0,0.0,0.0,0.0,0.0221,0.0,0.0,0.0092,0.0684,0.0,0.0,0.0,0.0,0.0
7881,0.0,0.0,0.0,0.0,0.0,0.0,0.0028,0.0,0.0,0.0243,0.0,0.0074,0.0324,0.0,0.0,0.0,0.03,0.0,0.0089,0.0,0.0,0.0178,0.0,0.0277,0.0,0.0048,0.0144,0.0302,0.0047,0.0,0.0086,0.0118,0.0275,0.0,1.0,0.055,0.0092,0.0438,0.0,0.0,0.0571,0.0407,0.0272,0.0,0.0,0.0,0.0513,0.0098,0.0574,0.0342,0.0,0.0,0.0045,0.0296,0.0047,0.0124,0.0562,0.0,0.002,0.0,0.0,0.0,0.0293,0.0,0.0,0.0202,0.0036,0.0,0.0628,0.0016,0.0001,0.0,0.0158,0.0189,0.012,0.0431,0.0735,0.0,0.0,0.0308,0.0023,0.0,0.0282,0.0,0.0,0.0064,0.0,0.0121,0.0211,0.0,0.008,0.0086,0.0,0.0332,0.0,0.0,0.015,0.0,0.0,0.0005,0.0133,0.0,0.0,0.0,0.0,0.0114,0.0,0.0012,0.0194,0.0,0.0,0.0244,0.0182,0.0,0.0,0.0,0.01,0.0607,0.0194,0.0,0.0,0.0317,0.0,0.0063,0.0065,0.0,0.0,0.0,0.031,0.0,0.0172,0.0135,0.0219,0.0113,0.0,0.0056,0.0,0.052000000000000005,0.0,0.0112,0.0079,0.0
6104,0.0,0.0115,0.0,0.0,0.0028,0.0,0.0,0.0,0.0,0.0,0.0039,0.0,0.0513,0.0,0.0247,0.0117,0.0165,0.016,0.001,0.0282,0.0,0.0317,0.0099,0.0067,0.0,0.0,0.043,0.0366,0.0,0.0175,0.0464,0.0082,0.0315,0.0,0.055,1.0,0.0137,0.002,0.0,0.0069,0.09,0.0295,0.0189,0.0,0.0,0.0097,0.0291,0.0206,0.0557,0.0567,0.0734,0.0,0.0,0.0236,0.0209,0.0432,0.0374,0.0,0.0064,0.0,0.0,0.0,0.0667,0.0,0.0069,0.0,0.0,0.0,0.0326,0.0,0.0163,0.0,0.0042,0.0,0.0,0.0063,0.0453,0.0307,0.0,0.0,0.0,0.0031,0.0,0.0,0.0,0.0,0.0,0.0286,0.0,0.0,0.0098,0.0,0.0,0.0325,0.0064,0.0,0.0,0.0054,0.0,0.0,0.0133,0.0,0.0,0.0134,0.0,0.0294,0.0308,0.0141,0.011000000000000001,0.0,0.0,0.0,0.0317,0.0,0.0021,0.0118,0.0,0.0126,0.0,0.0,0.0,0.036000000000000004,0.0352,0.0,0.0,0.0086,0.0,0.0,0.0382,0.0,0.0163,0.0539,0.0757,0.0,0.0012,0.0244,0.0,0.0301,0.0093,0.0,0.0436,0.0
8530,0.0044,0.0563,0.022000000000000002,0.0416,0.0784,0.027999999999999997,0.0705,0.0087,0.0,0.0,0.0453,0.0339,0.0491,0.0032,0.0,0.0,0.0377,0.0464,0.1771,0.0,0.0132,0.0164,0.0,0.0158,0.0,0.0,0.0238,0.0164,0.0,0.0084,0.0414,0.2502,0.0119,0.1086,0.0092,0.0137,1.0,0.0,0.1024,0.0135,0.0108,0.0217,0.0237,0.1655,0.0,0.0276,0.0,0.0104,0.0353,0.0524,0.0654,0.0354,0.0055,0.0065,0.0124,0.1038,0.0,0.0354,0.0106,0.1292,0.0093,0.028999999999999998,0.0,0.0,0.012,0.003,0.0,0.0216,0.0,0.0,0.0,0.0,0.0079,0.0,0.0,0.0181,0.1318,0.0,0.0,0.0,0.0,0.005,0.0,0.0058,0.0146,0.0655,0.0,0.0147,0.0,0.0,0.0194,0.0,0.0999,0.0015,0.0821,0.021,0.0622,0.2123,0.0,0.0,0.0357,0.0,0.0209,0.0345,0.0,0.0,0.0,0.0033,0.0283,0.0,0.0,0.0332,0.1328,0.0,0.0351,0.0378,0.0,0.0,0.006999999999999999,0.0117,0.0372,0.0306,0.0,0.0218,0.1109,0.0,0.0102,0.0149,0.0569,0.0,0.0779,0.0327,0.059000000000000004,0.0611,0.0,0.0,0.0323,0.0284,0.0199,0.0,0.0289,0.0267
4321,0.0148,0.0022,0.0281,0.012,0.0161,0.0174,0.0067,0.0081,0.0032,0.0684,0.0,0.0275,0.1057,0.0,0.0,0.027000000000000003,0.0,0.0,0.0,0.034,0.0282,0.0004,0.075,0.0,0.0,0.0204,0.0164,0.0013,0.0342,0.0042,0.0107,0.0,0.0,0.0,0.0438,0.002,0.0,1.0,0.0,0.0528,0.0616,0.0141,0.067,0.0,0.0,0.0,0.0287,0.0688,0.02,0.006,0.0011,0.0252,0.0308,0.0381,0.0,0.0079,0.1327,0.0,0.0112,0.0,0.0186,0.0,0.0379,0.0,0.0,0.004,0.0241,0.0,0.0592,0.0,0.01,0.0,0.0,0.0334,0.0299,0.0021,0.0,0.0,0.0076,0.1759,0.0249,0.0,0.0646,0.0048,0.0,0.0406,0.0343,0.0,0.0012,0.059000000000000004,0.0548,0.0444,0.0,0.0321,0.0,0.0,0.1186,0.0,0.0,0.006999999999999999,0.0,0.0204,0.0,0.0,0.0,0.0,0.0613,0.035,0.0,0.0,0.0,0.0119,0.0,0.0558,0.0312,0.0,0.0094,0.1032,0.0343,0.0337,0.0282,0.0643,0.0048,0.0016,0.0,0.031,0.0,0.0233,0.0,0.0246,0.0,0.0,0.069,0.0,0.0,0.1192,0.0219,0.0,0.0,0.0535,0.0126,0.0049
6266,0.0113,0.0,0.0,0.0113,0.0667,0.0,0.0726,0.0,0.0,0.0,0.0,0.016,0.0074,0.0,0.0,0.0,0.0,0.0095,0.1751,0.0,0.0,0.0,0.0,0.0,0.0,0.0389,0.0,0.0,0.0,0.0152,0.0004,0.1389,0.0,0.0851,0.0,0.0,0.1024,0.0,1.0,0.0206,0.0,0.0,0.0108,0.1741,0.0,0.0,0.0,0.0,0.0,0.0,0.0,0.0,0.0,0.0,0.0,0.0401,0.0251,0.0,0.0,0.0914,0.0,0.0,0.0199,0.0,0.0,0.0,0.0,0.0,0.0,0.0049,0.0,0.0,0.0,0.0,0.0,0.0,0.091,0.0,0.0,0.0,0.0,0.0,0.0,0.0115,0.0,0.0429,0.0,0.0,0.0269,0.0,0.0,0.0,0.0055,0.0,0.0,0.0326,0.0259,0.1003,0.0,0.0074,0.0,0.0,0.0,0.0231,0.0,0.0,0.0,0.0237,0.0,0.0,0.0,0.0,0.0056,0.0,0.0591,0.0004,0.0,0.0073,0.0,0.0,0.0588,0.0415,0.0,0.0345,0.0226,0.0,0.0,0.0,0.0,0.0,0.0079,0.0,0.0223,0.0,0.0,0.0263,0.0797,0.0,0.0,0.0,0.0,0.0
3532,0.0406,0.0,0.0,0.0183,0.0022,0.0,0.0073,0.0224,0.0,0.0058,0.0,0.0498,0.0659,0.0,0.0077,0.0213,0.0,0.0128,0.059000000000000004,0.0,0.0,0.0307,0.0491,0.0,0.0,0.0,0.0,0.0,0.0,0.0115,0.0671,0.0363,0.0125,0.0167,0.0,0.0069,0.0135,0.0528,0.0206,1.0,0.0589,0.0119,0.0662,0.0138,0.0033,0.0,0.0018,0.0326,0.0,0.0,0.0,0.0,0.0256,0.0029,0.0265,0.0282,0.0412,0.0,0.0195,0.0138,0.0173,0.0,0.0847,0.0,0.0086,0.0,0.0011,0.0,0.0146,0.0,0.0,0.0,0.0,0.0012,0.0005,0.0,0.0347,0.0,0.0464,0.0376,0.0,0.0,0.0091,0.0,0.0011,0.0034,0.0076,0.0,0.0,0.004,0.084,0.0835,0.0,0.0,0.0,0.0,0.0533,0.0206,0.08199999999999999,0.0,0.0,0.0,0.0,0.0067,0.0,0.0186,0.0234,0.0302,0.0,0.0,0.0,0.0189,0.0,0.0613,0.0225,0.0,0.0162,0.0215,0.0,0.0479,0.0368,0.0834,0.0113,0.0558,0.0,0.0074,0.0,0.0,0.0,0.0,0.0,0.0,0.042,0.0,0.0,0.1118,0.0492,0.0,0.0,0.0,0.0185,0.0
8247,0.0043,0.0,0.0,0.0,0.055,0.0442,0.0285,0.0,0.0583,0.0609,0.0,0.0272,0.043,0.0,0.0,0.0274,0.0304,0.0142,0.0,0.0211,0.0,0.0146,0.0,0.0447,0.0,0.03,0.0858,0.015,0.0211,0.0121,0.0881,0.0304,0.0675,0.0053,0.0571,0.09,0.0108,0.0616,0.0,0.0589,1.0,0.0164,0.0688,0.0243,0.0629,0.0,0.0432,0.042,0.0427,0.0666,0.0394,0.0705,0.0199,0.0363,0.0207,0.0649,0.0673,0.0,0.0,0.0,0.0354,0.0443,0.0886,0.0,0.034,0.0043,0.0774,0.0,0.0535,0.0484,0.0364,0.0,0.0231,0.0351,0.0367,0.037000000000000005,0.0306,0.0,0.0,0.0719,0.0132,0.0,0.0513,0.0,0.0018,0.0215,0.0501,0.0071,0.0051,0.0272,0.0167,0.0204,0.0,0.0699,0.0,0.0,0.0509,0.0021,0.0292,0.0,0.0,0.0,0.0,0.0069,0.0,0.0,0.0586,0.0588,0.0,0.0,0.0,0.03,0.0,0.0064,0.0449,0.0,0.0461,0.0292,0.0213,0.0,0.0061,0.0422,0.0326,0.0453,0.0,0.047,0.0,0.057999999999999996,0.0,0.0,0.0174,0.0,0.0821,0.0,0.0,0.0517,0.0,0.0441,0.0,0.0126,0.0156,0.0
8455,0.0,0.0092,0.0,0.0,0.0086,0.1903,0.0,0.0,0.1113,0.0,0.0425,0.0005,0.046,0.0252,0.0,0.0324,0.0,0.0,0.0,0.0,0.0,0.0,0.0,0.0062,0.005,0.0,0.0,0.1679,0.0043,0.0,0.0034,0.0211,0.0004,0.0,0.0407,0.0295,0.0217,0.0141,0.0,0.0119,0.0164,1.0,0.0,0.0,0.1029,0.0325,0.1756,0.0037,0.2423,0.0565,0.2065,0.2087,0.0,0.1453,0.0,0.0244,0.0045,0.0,0.0,0.0,0.1725,0.1388,0.0,0.0118,0.0155,0.1309,0.0,0.0,0.0121,0.0234,0.0,0.0,0.0152,0.1064,0.1389,0.0537,0.0559,0.0,0.0,0.0087,0.0,0.0723,0.0,0.0,0.0,0.0113,0.0,0.0021,0.0,0.0,0.0086,0.0,0.0253,0.0409,0.0089,0.0,0.0,0.0003,0.0,0.0,0.0,0.0032,0.0099,0.0,0.0285,0.0,0.0,0.0,0.0,0.0,0.0141,0.0422,0.0308,0.0,0.0,0.0548,0.0292,0.0156,0.0,0.0,0.0,0.0,0.0607,0.0,0.0181,0.0896,0.0614,0.1922,0.0669,0.0,0.0254,0.0279,0.0168,0.0,0.0412,0.0,0.0,0.0653,0.0252,0.0076,0.0279,0.0
7435,0.0,0.0,0.0,0.0,0.0,0.0,0.0232,0.006999999999999999,0.0,0.0376,0.0,0.0469,0.0939,0.0,0.0183,0.0191,0.0,0.003,0.0118,0.0,0.0117,0.0043,0.0415,0.0,0.0,0.0371,0.0202,0.0,0.0,0.0473,0.0219,0.0404,0.0587,0.0551,0.0272,0.0189,0.0237,0.067,0.0108,0.0662,0.0688,0.0,1.0,0.0221,0.0231,0.0,0.0,0.0657,0.0125,0.0009,0.0,0.0286,0.0139,0.0257,0.013999999999999999,0.0,0.065,0.0,0.0217,0.0364,0.0273,0.0,0.0349,0.0,0.0,0.0,0.0154,0.0,0.0189,0.006999999999999999,0.0316,0.0,0.0089,0.0031,0.0,0.0209,0.0469,0.0,0.0115,0.0654,0.0181,0.0,0.03,0.0,0.0127,0.0355,0.0906,0.0,0.0239,0.0664,0.0245,0.0269,0.0,0.0459,0.0,0.0,0.0929,0.0377,0.0545,0.0215,0.006999999999999999,0.0042,0.0105,0.0,0.0,0.0,0.0863,0.0042,0.0,0.0,0.0,0.0125,0.0052,0.0,0.0238,0.0,0.0241,0.0107,0.0171,0.0135,0.0,0.0473,0.0,0.0439,0.0,0.0,0.0,0.0,0.0,0.0,0.005,0.0,0.0569,0.0,0.0,0.0717,0.0,0.0,0.0,0.0183,0.0016,0.0
7257,0.0057,0.0083,0.0,0.0272,0.0276,0.0104,0.0759,0.0,0.0,0.0,0.0,0.0,0.0404,0.0,0.0,0.0,0.0263,0.0109,0.2037,0.0,0.0,0.0,0.0,0.0087,0.0,0.0099,0.0017,0.0006,0.0,0.0,0.0412,0.2181,0.0028,0.1108,0.0,0.0,0.1655,0.0,0.1741,0.0138,0.0243,0.0,0.0221,1.0,0.0063,0.0,0.0,0.0,0.0025,0.0119,0.0036,0.0104,0.0,0.0,0.0,0.0277,0.0027,0.002,0.0,0.0976,0.0,0.0067,0.0,0.0,0.0,0.0,0.0,0.0,0.0022,0.0,0.0,0.0,0.0066,0.0,0.0,0.0,0.0909,0.0,0.0,0.0,0.0,0.0082,0.0029,0.0,0.0,0.0783,0.0,0.0,0.0032,0.0,0.0131,0.0,0.0349,0.0,0.0055,0.0,0.0535,0.2096,0.0,0.0,0.0025,0.0,0.0145,0.0191,0.0,0.0,0.0,0.0,0.0094,0.0,0.0,0.0092,0.0521,0.0,0.0129,0.0,0.0,0.0,0.0,0.0,0.0378,0.0614,0.0,0.0251,0.0423,0.0,0.0,0.0,0.0189,0.0,0.0282,0.0,0.0442,0.0091,0.0,0.0052,0.0627,0.0,0.0,0.0,0.0,0.0
3439,0.0,0.0,0.0,0.0,0.0033,0.1156,0.0,0.0,0.2621,0.0161,0.0,0.0,0.0296,0.0166,0.0177,0.0158,0.0,0.0,0.0,0.0,0.0,0.0,0.0049,0.0,0.0,0.0,0.0,0.1051,0.0,0.0243,0.0,0.0,0.0,0.0,0.0,0.0,0.0,0.0,0.0,0.0033,0.0629,0.1029,0.0231,0.0063,1.0,0.0021,0.1504,0.0031,0.1364,0.0238,0.1384,0.1452,0.0,0.0995,0.0,0.0188,0.0,0.0,0.0195,0.0,0.1372,0.1129,0.0,0.0,0.027000000000000003,0.0592,0.0,0.0,0.0,0.0,0.0,0.0,0.0259,0.0557,0.0955,0.0209,0.01,0.0312,0.0,0.0225,0.0,0.0,0.0,0.0,0.0,0.0,0.0035,0.0007,0.0,0.0124,0.0,0.0,0.0,0.0614,0.0,0.0,0.0,0.0,0.0,0.0114,0.0046,0.015,0.0,0.0,0.0,0.0047,0.0251,0.0,0.0153,0.0,0.0,0.0125,0.0031,0.0,0.0,0.0075,0.0,0.0079,0.0,0.0,0.0,0.0,0.0408,0.0,0.0,0.0367,0.0,0.1043,0.0,0.0,0.0157,0.0209,0.0483,0.0192,0.0,0.0316,0.0,0.0695,0.0205,0.0031,0.0188,0.0
14824,0.0,0.0683,0.0936,0.0396,0.0,0.0389,0.0129,0.03,0.0,0.0,0.09,0.0056,0.0367,0.0972,0.0051,0.0,0.0,0.0185,0.0,0.0,0.0,0.0427,0.0,0.0,0.0,0.0,0.0,0.0186,0.0,0.0,0.0,0.0011,0.0,0.0,0.0,0.0097,0.0276,0.0,0.0,0.0,0.0,0.0325,0.0,0.0,0.0021,1.0,0.0317,0.0,0.0692,0.0274,0.0454,0.0307,0.0,0.0497,0.0,0.0127,0.0206,0.0,0.0,0.0,0.0087,0.0048,0.0,0.0,0.0011,0.0361,0.0,0.0589,0.0,0.0,0.0,0.0368,0.0,0.0158,0.0,0.0261,0.0537,0.0,0.0,0.0,0.0072,0.1297,0.0,0.0,0.0,0.0173,0.0,0.0,0.0,0.0411,0.0227,0.0,0.0959,0.0051,0.1683,0.0036,0.0,0.0028,0.0,0.0,0.0658,0.0,0.0,0.0257,0.067,0.0,0.0,0.0238,0.14,0.0,0.0,0.0262,0.1209,0.0132,0.0,0.1193,0.0,0.0,0.0161,0.0,0.0,0.0,0.0,0.0,0.1452,0.0466,0.16,0.0585,0.1035,0.0,0.1399,0.1176,0.0,0.1903,0.0598,0.0021,0.0,0.0,0.0991,0.0,0.0484,0.0926
11550,0.0,0.0053,0.0084,0.0,0.0,0.1587,0.0,0.0,0.149,0.0259,0.0212,0.0057,0.0404,0.0,0.0,0.0251,0.0,0.0,0.0,0.0,0.0,0.0405,0.0,0.0,0.0,0.0,0.0,0.1385,0.0172,0.0,0.0,0.0,0.0083,0.0,0.0513,0.0291,0.0,0.0287,0.0,0.0018,0.0432,0.1756,0.0,0.0,0.1504,0.0317,1.0,0.0036,0.1779,0.0347,0.1612,0.2056,0.0,0.1726,0.0,0.0225,0.0103,0.0,0.0,0.0,0.138,0.1148,0.0,0.0075,0.039,0.1239,0.0046,0.0,0.0483,0.017,0.0,0.0,0.0084,0.1314,0.1483,0.0439,0.0206,0.0,0.0,0.0,0.01,0.0,0.0,0.0,0.0,0.0,0.0,0.0,0.0,0.026000000000000002,0.0,0.0,0.0303,0.0734,0.0112,0.0,0.0051,0.0,0.0,0.0,0.0,0.0,0.0,0.0,0.0331,0.0,0.0031,0.0,0.0062,0.0,0.0,0.0371,0.0229,0.0,0.0,0.0,0.0301,0.0194,0.0,0.0,0.0,0.0,0.0679,0.0,0.0,0.0817,0.0232,0.1654,0.0,0.0,0.0141,0.0118,0.0186,0.0,0.016,0.0176,0.0,0.0528,0.0036,0.0029,0.0234,0.0
10519,0.0472,0.0,0.0184,0.013999999999999999,0.0,0.0,0.0,0.0,0.0,0.0767,0.0,0.1219,0.0893,0.0,0.0,0.0208,0.0,0.0,0.011000000000000001,0.0005,0.0,0.0308,0.0265,0.0,0.0,0.0,0.0,0.0104,0.0155,0.0,0.0,0.0,0.1287,0.0,0.0098,0.0206,0.0104,0.0688,0.0,0.0326,0.042,0.0037,0.0657,0.0,0.0031,0.0,0.0036,1.0,0.0116,0.0285,0.0005,0.0044,0.1115,0.0147,0.0,0.0463,0.0495,0.0,0.0339,0.0,0.0252,0.0,0.0118,0.0,0.0067,0.0,0.0,0.0,0.0,0.0,0.0149,0.0,0.0151,0.0,0.0,0.0,0.0124,0.0,0.0,0.063,0.0,0.0,0.0133,0.0,0.0,0.0203,0.0,0.0076,0.0108,0.018000000000000002,0.0,0.0049,0.0,0.0314,0.0,0.0,0.0253,0.0,0.0431,0.0,0.0087,0.0,0.0085,0.0,0.0135,0.0,0.0295,0.0516,0.0073,0.0,0.0,0.0397,0.0,0.0093,0.0299,0.0,0.042,0.0493,0.0,0.0,0.0,0.013000000000000001,0.0,0.0,0.0,0.0118,0.0,0.0165,0.0,0.0155,0.0097,0.0,0.0321,0.0,0.0,0.0489,0.0,0.0,0.0,0.0,0.0269,0.0
8810,0.0,0.0,0.0149,0.0,0.0,0.2531,0.0,0.0,0.1714,0.0,0.0564,0.0141,0.0686,0.0407,0.0,0.046,0.0,0.0,0.0226,0.0,0.0,0.0,0.0277,0.0,0.0,0.0,0.0,0.1506,0.01,0.0,0.0,0.0362,0.0304,0.0,0.0574,0.0557,0.0353,0.02,0.0,0.0,0.0427,0.2423,0.0125,0.0025,0.1364,0.0692,0.1779,0.0116,1.0,0.0889,0.2678,0.2527,0.0172,0.1765,0.0,0.0476,0.0255,0.0,0.0,0.0,0.1843,0.2198,0.0,0.0,0.0495,0.1018,0.0,0.0,0.0422,0.0148,0.0,0.0,0.0422,0.1097,0.1296,0.0713,0.0727,0.0,0.0,0.0253,0.0082,0.0,0.0,0.0,0.0045,0.0298,0.0,0.0022,0.0,0.02,0.0108,0.0,0.0197,0.0643,0.0745,0.0,0.0239,0.0225,0.0044,0.0,0.0,0.0205,0.0,0.0,0.0461,0.0,0.0,0.0,0.0266,0.0,0.0132,0.0687,0.1003,0.0,0.0,0.0,0.0055,0.0044,0.0034,0.0,0.0,0.0,0.0465,0.0,0.0595,0.0893,0.0754,0.2256,0.1085,0.0,0.0703,0.0595,0.0531,0.0599,0.0341,0.002,0.0,0.075,0.0662,0.0075,0.0384,0.0
